-10.83 -10.79 -10.82 -10.86 -10.80 -10.82 -10.86 -10.88 -10.79 -10.82 -10.77 -10.85 -10.84 -10.82 -10.85 -10.76 -10.88 -10.83 -10.83 -10.87 -10.84 -10.90 -10.89 -10.90 -10.92 -10.92 -10.99 -10.94 -10.99 -10.99 -10.99 -11.01 -11.04 -11.05 -11.09 -11.12 -11.10 -11.16 -11.14 -11.12 -11.16 -11.17 -11.19 -11.20 -11.15 -11.20 -11.20 -11.23 -11.22 -11.22 -11.24 -11.26 -11.24 -11.26 -11.28 -11.28 -11.30 -11.33 -11.32 -11.30 -11.26 -11.27 -11.27 -11.26 -11.24 -11.26 -11.32 -11.31 -11.31 -11.33 -11.34 -11.34 -11.40 -11.49 -11.47 -11.51 -11.55 -11.58 -11.66 -11.66 -11.69 -11.70 -11.82 -11.74 -11.81 -11.82 -11.83 -11.86 -11.84 -11.90 -11.94 -11.98 -12.04 -12.07 -12.14 -12.19 -12.16 -12.24 -12.29 -12.23 -12.26
-10.85 -10.87 -10.87 -10.88 -10.90 -10.92 -10.85 -10.88 -10.86 -10.88 -10.88 -10.86 -10.85 -10.84 -10.85 -10.91 -10.91 -10.91 -10.88 -10.96 -10.90 -10.95 -10.99 -10.96 -10.98 -11.00 -10.97 -11.02 -11.08 -11.04 -11.10 -11.07 -11.08 -11.11 -11.14 -11.11 -11.17 -11.16 -11.16 -11.16 -11.22 -11.24 -11.25 -11.24 -11.20 -11.16 -11.20 -11.23 -11.25 -11.27 -11.29 -11.21 -11.29 -11.29 -11.31 -11.34 -11.35 -11.34 -11.33 -11.30 -11.25 -11.30 -11.25 -11.31 -11.26 -11.26 -11.31 -11.25 -11.34 -11.35 -11.38 -11.39 -11.47 -11.48 -11.52 -11.58 -11.61 -11.67 -11.65 -11.74 -11.78 -11.75 -11.87 -11.84 -11.85 -11.83 -11.82 -11.92 -11.88 -11.96 -11.99 -12.01 -12.07 -12.14 -12.15 -12.24 -12.26 -12.30 -12.30 -12.28 -12.29
-10.91 -10.83 -10.88 -10.90 -10.88 -10.96 -10.88 -10.85 -10.86 -10.94 -10.93 -10.94 -10.94 -10.94 -10.91 -10.93 -10.95 -10.89 -11.02 -10.97 -10.99 -10.99 -11.03 -10.98 -11.03 -11.03 -11.05 -11.08 -11.12 -11.13 -11.13 -11.13 -11.16 -11.17 -11.16 -11.19 -11.19 -11.24 -11.23 -11.30 -11.23 -11.21 -11.23 -11.26 -11.25 -11.27 -11.26 -11.27 -11.25 -11.30 -11.32 -11.32 -11.36 -11.33 -11.36 -11.35 -11.34 -11.33 -11.30 -11.29 -11.27 -11.23 -11.30 -11.31 -11.33 -11.31 -11.34 -11.35 -11.39 -11.41 -11.43 -11.48 -11.47 -11.55 -11.59 -11.60 -11.67 -11.73 -11.76 -11.75 -11.78 -11.83 -11.89 -11.90 -11.87 -11.85 -11.93 -11.91 -11.97 -11.98 -12.07 -12.10 -12.15 -12.14 -12.20 -12.27 -12.22 -12.30 -12.27 -12.36 -12.28
-10.97 -10.94 -10.93 -10.95 -11.02 -10.86 -10.92 -10.91 -10.96 -10.95 -10.92 -10.91 -10.96 -11.00 -11.03 -10.97 -10.95 -10.99 -11.01 -11.06 -11.03 -11.04 -11.05 -11.08 -11.13 -11.06 -11.10 -11.12 -11.14 -11.16 -11.15 -11.19 -11.17 -11.21 -11.23 -11.27 -11.23 -11.20 -11.25 -11.25 -11.27 -11.23 -11.30 -11.31 -11.27 -11.28 -11.29 -11.30 -11.27 -11.33 -11.37 -11.30 -11.38 -11.39 -11.36 -11.41 -11.39 -11.30 -11.30 -11.29 -11.28 -11.30 -11.34 -11.30 -11.32 -11.33 -11.40 -11.40 -11.46 -11.44 -11.51 -11.49 -11.51 -11.60 -11.60 -11.66 -11.78 -11.81 -11.81 -11.87 -11.87 -11.90 -11.93 -11.93 -11.94 -11.87 -11.94 -11.98 -12.03 -12.08 -12.12 -12.16 -12.17 -12.23 -12.22 -12.27 -12.27 -12.21 -12.22 -12.20 -12.26
-11.04 -11.00 -10.97 -11.03 -11.01 -10.98 -11.03 -10.76 -10.95 -10.94 -10.96 -11.01 -11.03 -11.04 -11.00 -11.06 -11.02 -11.04 -11.09 -11.07 -11.08 -11.11 -11.10 -11.12 -11.13 -11.13 -11.16 -11.18 -11.15 -11.20 -11.21 -11.19 -11.21 -11.26 -11.23 -11.27 -11.25 -11.30 -11.28 -11.27 -11.32 -11.30 -11.26 -11.29 -11.28 -11.32 -11.29 -11.34 -11.34 -11.36 -11.34 -11.37 -11.40 -11.40 -11.38 -11.37 -11.32 -11.30 -11.31 -11.25 -11.32 -11.28 -11.36 -11.34 -11.40 -11.38 -11.42 -11.40 -11.50 -11.56 -11.54 -11.54 -11.63 -11.64 -11.73 -11.75 -11.82 -11.84 -11.89 -11.92 -11.91 -11.99 -11.94 -11.98 -11.94 -11.99 -11.98 -12.03 -12.07 -12.10 -12.12 -12.16 -12.18 -12.21 -12.26 -12.25 -12.16 -12.27 -12.09 -12.21 -12.16
-11.09 -11.06 -11.03 -11.02 -11.00 -11.04 -10.98 -11.01 -11.02 -11.03 -10.99 -11.04 -11.03 -11.05 -11.06 -11.07 -11.07 -11.10 -11.08 -11.10 -11.10 -11.14 -11.17 -11.17 -11.20 -11.22 -11.21 -11.22 -11.28 -11.22 -11.23 -11.26 -11.24 -11.33 -11.25 -11.28 -11.28 -11.36 -11.34 -11.28 -11.28 -11.31 -11.34 -11.33 -11.30 -11.33 -11.25 -11.34 -11.35 -11.35 -11.36 -11.41 -11.41 -11.41 -11.38 -11.33 -11.31 -11.28 -11.24 -11.29 -11.30 -11.31 -11.32 -11.44 -11.40 -11.46 -11.41 -11.48 -11.49 -11.53 -11.58 -11.65 -11.66 -11.69 -11.76 -11.79 -11.84 -11.88 -11.94 -12.05 -12.09 -12.01 -12.03 -11.95 -12.02 -11.97 -11.97 -12.03 -12.06 -12.09 -12.15 -12.18 -12.14 -12.18 -12.08 -12.15 -12.08 -12.07 -12.03 -12.05 -12.10
-11.09 -11.10 -11.03 -11.10 -10.99 -11.08 -11.06 -11.09 -11.09 -11.05 -11.07 -11.03 -11.01 -11.10 -11.06 -11.10 -11.10 -11.08 -11.12 -11.09 -11.14 -11.18 -11.21 -11.22 -11.22 -11.24 -11.25 -11.28 -11.25 -11.27 -11.29 -11.37 -11.30 -11.32 -11.27 -11.30 -11.31 -11.34 -11.32 -11.34 -11.33 -11.31 -11.30 -11.31 -11.31 -11.32 -11.30 -11.34 -11.32 -11.37 -11.36 -11.35 -11.40 -11.38 -11.34 -11.29 -11.25 -11.27 -11.25 -11.28 -11.34 -11.34 -11.38 -11.37 -11.43 -11.45 -11.48 -11.50 -11.61 -11.58 -11.59 -11.67 -11.74 -11.78 -11.85 -11.95 -11.91 -11.97 -11.99 -12.04 -12.00 -12.07 -12.01 -12.00 -11.95 -11.99 -12.04 -12.07 -12.08 -12.06 -12.10 -12.05 -12.02 -12.02 -12.04 -12.02 -11.96 -12.02 -11.96 -12.05 -12.05
-11.11 -11.12 -11.10 -11.13 -11.08 -11.11 -11.12 -11.10 -11.08 -11.07 -11.01 -11.06 -11.15 -11.11 -11.14 -11.12 -11.10 -11.06 -11.09 -11.13 -11.17 -11.18 -11.21 -11.25 -11.24 -11.26 -11.29 -11.30 -11.30 -11.32 -11.29 -11.37 -11.31 -11.31 -11.31 -11.31 -11.28 -11.32 -11.30 -11.30 -11.31 -11.23 -11.31 -11.30 -11.30 -11.33 -11.30 -11.36 -11.38 -11.36 -11.36 -11.36 -11.29 -11.27 -11.25 -11.23 -11.22 -11.21 -11.25 -11.28 -11.33 -11.31 -11.39 -11.40 -11.47 -11.52 -11.51 -11.54 -11.59 -11.59 -11.78 -11.73 -11.83 -11.81 -11.93 -11.92 -11.98 -12.05 -12.09 -12.10 -12.06 -12.11 -12.01 -11.98 -11.93 -12.01 -12.00 -12.03 -12.01 -11.96 -11.97 -11.97 -11.97 -11.96 -11.94 -11.92 -11.96 -12.04 -12.02 -12.06 -12.06
-11.12 -11.17 -11.09 -11.16 -11.13 -11.15 -11.15 -11.17 -11.12 -11.14 -11.11 -11.12 -11.11 -11.11 -11.09 -11.15 -11.10 -11.13 -11.09 -11.17 -11.19 -11.20 -11.22 -11.29 -11.26 -11.30 -11.29 -11.31 -11.31 -11.31 -11.31 -11.32 -11.35 -11.33 -11.31 -11.32 -11.32 -11.29 -11.31 -11.27 -11.30 -11.31 -11.31 -11.39 -11.29 -11.25 -11.31 -11.32 -11.32 -11.27 -11.32 -11.23 -11.15 -11.17 -11.12 -11.18 -11.18 -11.19 -11.22 -11.26 -11.31 -11.36 -11.41 -11.42 -11.48 -11.45 -11.56 -11.56 -11.60 -11.68 -11.73 -11.75 -11.85 -11.89 -11.96 -11.98 -12.06 -12.10 -12.14 -12.08 -12.08 -12.10 -11.99 -11.95 -11.86 -11.90 -11.85 -11.89 -11.88 -11.87 -11.84 -11.83 -11.85 -11.85 -11.89 -11.96 -11.98 -12.05 -11.99 -12.08 -12.07
-11.14 -11.20 -11.17 -11.11 -11.18 -11.10 -11.15 -11.14 -11.15 -11.13 -11.14 -11.13 -11.13 -11.16 -11.11 -11.16 -11.13 -11.16 -11.21 -11.18 -11.19 -11.19 -11.24 -11.27 -11.29 -11.31 -11.27 -11.28 -11.30 -11.30 -11.28 -11.31 -11.31 -11.30 -11.25 -11.25 -11.30 -11.28 -11.26 -11.26 -11.24 -11.23 -11.27 -11.26 -11.27 -11.21 -11.23 -11.21 -11.25 -11.17 -11.12 -11.04 -11.09 -11.09 -11.07 -11.10 -11.17 -11.19 -11.22 -11.21 -11.26 -11.35 -11.40 -11.44 -11.49 -11.54 -11.54 -11.59 -11.67 -11.72 -11.74 -11.80 -11.87 -11.86 -11.96 -12.05 -12.11 -12.07 -12.08 -12.11 -12.05 -11.96 -11.93 -11.87 -11.80 -11.74 -11.76 -11.75 -11.76 -11.77 -11.79 -11.83 -11.84 -11.90 -11.94 -11.95 -12.02 -12.05 -12.04 -12.07 -12.08
-11.12 -11.14 -11.12 -11.13 -11.12 -11.16 -11.19 -11.03 -11.14 -11.15 -11.19 -11.12 -11.16 -11.17 -11.16 -11.18 -11.14 -11.16 -11.14 -11.21 -11.21 -11.18 -11.26 -11.23 -11.29 -11.25 -11.29 -11.27 -11.26 -11.25 -11.27 -11.29 -11.27 -11.24 -11.25 -11.25 -11.22 -11.26 -11.22 -11.19 -11.23 -11.21 -11.19 -11.18 -11.15 -11.12 -11.13 -11.05 -11.11 -11.03 -11.00 -10.91 -11.00 -10.89 -11.05 -11.06 -11.07 -11.13 -11.16 -11.21 -11.22 -11.29 -11.34 -11.43 -11.47 -11.54 -11.57 -11.64 -11.64 -11.69 -11.77 -11.79 -11.82 -11.88 -11.96 -12.02 -12.02 -12.05 -12.04 -11.98 -11.97 -11.87 -11.79 -11.69 -11.68 -11.67 -11.70 -11.72 -11.76 -11.79 -11.80 -11.80 -11.85 -11.89 -11.97 -11.98 -12.00 -12.05 -12.07 -12.09 -12.09
-11.12 -11.09 -11.12 -11.05 -11.14 -11.08 -11.14 -11.13 -11.19 -11.16 -11.14 -11.15 -11.17 -11.16 -11.15 -11.17 -11.14 -11.16 -11.19 -11.17 -11.19 -11.20 -11.26 -11.21 -11.23 -11.26 -11.25 -11.23 -11.21 -11.19 -11.20 -11.20 -11.20 -11.19 -11.16 -11.21 -11.22 -11.15 -11.17 -11.15 -11.11 -11.13 -11.17 -11.06 -11.06 -11.02 -10.95 -10.94 -10.96 -10.88 -10.87 -10.77 -10.79 -10.90 -10.91 -10.94 -10.95 -10.99 -11.07 -11.10 -11.15 -11.26 -11.26 -11.32 -11.41 -11.50 -11.56 -11.60 -11.62 -11.62 -11.73 -11.76 -11.78 -11.87 -11.88 -11.95 -11.85 -11.98 -11.87 -11.87 -11.73 -11.75 -11.59 -11.57 -11.59 -11.56 -11.67 -11.72 -11.76 -11.79 -11.85 -11.90 -11.92 -11.88 -11.98 -11.99 -12.03 -12.06 -12.08 -12.11 -12.10
-11.11 -11.15 -11.07 -11.10 -11.13 -11.08 -11.06 -11.10 -11.11 -11.14 -11.11 -11.14 -11.15 -11.15 -11.15 -11.13 -11.15 -11.17 -11.16 -11.19 -11.19 -11.18 -11.20 -11.20 -11.20 -11.25 -11.19 -11.17 -11.15 -11.15 -11.17 -11.12 -11.14 -11.09 -11.11 -11.08 -11.06 -10.99 -11.09 -11.04 -10.96 -10.97 -11.01 -10.94 -10.89 -10.86 -10.88 -10.79 -10.76 -10.75 -10.77 -10.76 -10.81 -10.80 -10.86 -10.82 -10.88 -10.95 -10.98 -11.02 -11.10 -11.12 -11.22 -11.24 -11.29 -11.34 -11.43 -11.44 -11.52 -11.56 -11.61 -11.62 -11.61 -11.75 -11.71 -11.82 -11.71 -11.67 -11.55 -11.67 -11.60 -11.53 -11.49 -11.49 -11.58 -11.67 -11.70 -11.72 -11.77 -11.86 -11.87 -11.94 -11.95 -11.97 -12.01 -12.04 -12.02 -12.05 -12.09 -12.11 -12.12
-11.08 -11.06 -11.07 -11.06 -11.07 -11.06 -11.02 -11.06 -11.15 -11.09 -11.08 -11.09 -11.02 -11.11 -11.08 -11.10 -11.12 -11.14 -11.16 -11.16 -11.18 -11.17 -11.16 -11.16 -11.16 -11.14 -11.16 -11.08 -11.07 -11.12 -11.04 -11.12 -11.08 -10.97 -11.00 -10.98 -11.00 -10.92 -10.91 -10.95 -10.87 -10.89 -10.82 -10.81 -10.79 -10.73 -10.71 -10.71 -10.82 -10.76 -10.92 -10.89 -10.89 -10.79 -10.87 -10.87 -10.91 -10.84 -10.94 -10.95 -10.97 -11.04 -11.05 -11.07 -11.15 -11.15 -11.19 -11.27 -11.36 -11.38 -11.35 -11.51 -11.49 -11.57 -11.53 -11.57 -11.57 -11.55 -11.55 -11.49 -11.41 -11.40 -11.46 -11.59 -11.63 -11.65 -11.75 -11.77 -11.82 -11.85 -11.90 -11.93 -11.95 -11.96 -12.01 -12.02 -12.08 -12.09 -12.12 -12.14 -12.16
-11.06 -10.95 -11.03 -11.05 -10.99 -11.00 -11.02 -11.05 -10.99 -11.05 -11.05 -11.06 -11.07 -11.04 -11.04 -11.09 -11.09 -11.08 -11.06 -11.10 -11.09 -11.09 -11.10 -11.01 -11.07 -11.07 -11.09 -10.96 -11.05 -11.03 -10.98 -11.02 -10.87 -10.88 -10.88 -10.80 -10.79 -10.82 -10.78 -10.74 -10.73 -10.77 -10.70 -10.70 -10.60 -10.71 -10.71 -10.80 -10.84 -10.89 -11.03 -11.02 -11.04 -11.01 -11.05 -11.04 -11.04 -10.99 -10.95 -10.92 -10.90 -10.94 -10.98 -10.93 -11.01 -11.04 -11.07 -11.14 -11.15 -11.26 -11.27 -11.33 -11.33 -11.42 -11.34 -11.46 -11.36 -11.42 -11.32 -11.37 -11.32 -11.40 -11.54 -11.58 -11.65 -11.73 -11.73 -11.74 -11.79 -11.85 -11.93 -11.98 -11.98 -12.01 -12.08 -12.09 -12.16 -12.18 -12.20 -12.23 -12.23
-10.99 -10.95 -10.94 -10.97 -10.99 -10.94 -10.96 -10.95 -10.94 -10.98 -10.95 -11.01 -10.93 -11.04 -10.98 -10.97 -11.03 -10.96 -11.02 -11.03 -11.03 -11.03 -11.01 -11.01 -10.99 -10.98 -10.98 -10.95 -10.93 -10.83 -10.83 -10.88 -10.75 -10.76 -10.80 -10.65 -10.70 -10.70 -10.70 -10.59 -10.60 -10.64 -10.56 -10.59 -10.60 -10.69 -10.76 -10.80 -10.90 -11.06 -11.07 -11.14 -11.06 -11.07 -11.09 -11.09 -11.09 -11.06 -11.06 -11.03 -10.98 -10.98 -10.95 -10.94 -10.96 -10.94 -10.96 -11.01 -11.01 -11.07 -11.15 -11.14 -11.21 -11.25 -11.23 -11.25 -11.25 -11.23 -11.25 -11.30 -11.48 -11.50 -11.53 -11.60 -11.66 -11.71 -11.77 -11.77 -11.80 -11.82 -11.90 -11.79 -12.05 -12.10 -12.15 -12.20 -12.24 -12.28 -12.27 -12.32 -12.33
-10.83 -10.86 -10.89 -10.88 -10.89 -10.81 -10.84 -10.91 -10.88 -10.89 -10.90 -10.92 -10.88 -10.91 -10.87 -10.97 -11.06 -10.91 -10.94 -10.94 -10.93 -10.98 -10.88 -10.87 -10.90 -10.81 -10.85 -10.84 -10.82 -10.72 -10.76 -10.65 -10.57 -10.65 -10.66 -10.58 -10.60 -10.55 -10.58 -10.55 -10.57 -10.56 -10.57 -10.59 -10.73 -10.78 -10.78 -10.83 -10.97 -11.03 -11.09 -11.07 -11.07 -11.06 -11.10 -11.09 -11.10 -11.10 -11.12 -11.09 -11.01 -11.07 -11.06 -11.08 -11.00 -11.02 -11.02 -11.05 -10.97 -11.04 -11.08 -11.11 -11.08 -11.08 -11.13 -11.20 -11.16 -11.25 -11.26 -11.30 -11.45 -11.55 -11.50 -11.66 -11.68 -11.64 -11.71 -11.87 -11.78 -11.93 -11.97 -12.03 -12.13 -12.16 -12.24 -12.31 -12.33 -12.39 -12.39 -12.44 -12.45
-10.71 -10.73 -10.66 -10.77 -10.72 -10.80 -10.80 -10.77 -10.75 -10.83 -10.82 -10.86 -10.76 -10.83 -10.81 -10.79 -10.76 -10.78 -10.83 -10.82 -10.75 -10.77 -10.78 -10.75 -10.74 -10.74 -10.75 -10.67 -10.62 -10.70 -10.80 -10.53 -10.55 -10.48 -10.50 -10.52 -10.56 -10.53 -10.52 -10.65 -10.72 -10.69 -10.71 -10.83 -10.79 -10.85 -10.89 -10.87 -10.89 -10.97 -11.05 -11.09 -11.08 -11.14 -11.15 -11.19 -11.18 -11.17 -11.17 -11.22 -11.12 -11.13 -11.13 -11.13 -11.11 -11.15 -11.20 -11.12 -11.12 -11.19 -11.12 -11.24 -11.08 -11.31 -11.22 -11.29 -11.22 -11.23 -11.33 -11.49 -11.43 -11.55 -11.63 -11.66 -11.76 -11.77 -11.79 -11.85 -11.89 -11.90 -12.06 -12.07 -12.17 -12.22 -12.27 -12.29 -12.40 -12.49 -12.53 -12.57 -12.57
-10.63 -10.67 -10.69 -10.68 -10.67 -10.65 -10.67 -10.64 -10.71 -10.64 -10.64 -10.68 -10.65 -10.65 -10.68 -10.72 -10.70 -10.63 -10.62 -10.57 -10.69 -10.63 -10.59 -10.52 -10.62 -10.65 -10.52 -10.58 -10.56 -10.50 -10.62 -10.45 -10.43 -10.51 -10.59 -10.60 -10.62 -10.63 -10.72 -10.79 -10.69 -10.81 -10.91 -10.87 -10.91 -10.90 -10.92 -10.95 -10.96 -10.87 -10.99 -11.02 -11.07 -11.15 -11.19 -11.18 -11.13 -11.19 -11.18 -11.23 -11.22 -11.21 -11.17 -11.18 -11.23 -11.19 -11.25 -11.24 -11.22 -11.23 -11.26 -11.30 -11.26 -11.35 -11.42 -11.34 -11.44 -11.35 -11.48 -11.53 -11.53 -11.57 -11.66 -11.72 -11.77 -11.84 -11.80 -11.91 -11.98 -12.03 -12.02 -12.02 -12.21 -12.28 -12.35 -12.36 -12.44 -12.46 -12.61 -12.70 -12.63
-10.70 -10.71 -10.75 -10.66 -10.70 -10.67 -10.64 -10.64 -10.61 -10.62 -10.61 -10.59 -10.53 -10.49 -10.55 -10.47 -10.45 -10.55 -10.46 -10.52 -10.44 -10.47 -10.37 -10.46 -10.45 -10.41 -10.37 -10.41 -10.33 -10.35 -10.41 -10.46 -10.52 -10.61 -10.67 -10.69 -10.75 -10.76 -10.80 -10.88 -10.89 -10.91 -10.99 -10.89 -10.87 -10.96 -10.93 -10.90 -10.98 -10.88 -11.03 -11.08 -11.08 -11.10 -11.10 -11.15 -11.16 -11.20 -11.23 -11.23 -11.22 -11.19 -11.22 -11.24 -11.26 -11.23 -11.26 -11.22 -11.31 -11.29 -11.38 -11.38 -11.32 -11.39 -11.47 -11.45 -11.54 -11.55 -11.51 -11.62 -11.65 -11.69 -11.70 -11.86 -11.80 -11.82 -11.92 -11.91 -11.96 -12.09 -12.12 -12.20 -12.21 -12.27 -12.32 -12.39 -12.49 -12.47 -12.58 -12.64 -12.64
-10.93 -10.88 -10.82 -10.82 -10.83 -10.80 -10.76 -10.73 -10.73 -10.71 -10.67 -10.57 -10.58 -10.51 -10.39 -10.42 -10.36 -10.42 -10.41 -10.34 -10.37 -10.36 -10.37 -10.38 -10.31 -10.38 -10.36 -10.34 -10.33 -10.36 -10.55 -10.55 -10.60 -10.66 -10.71 -10.77 -10.80 -10.87 -10.90 -10.93 -10.97 -11.07 -10.97 -11.00 -11.01 -11.00 -11.01 -10.94 -11.06 -11.06 -11.13 -11.12 -11.11 -11.12 -11.18 -11.19 -11.25 -11.26 -11.28 -11.28 -11.29 -11.29 -11.27 -11.31 -11.33 -11.32 -11.37 -11.30 -11.38 -11.29 -11.38 -11.42 -11.49 -11.46 -11.49 -11.55 -11.54 -11.60 -11.63 -11.66 -11.69 -11.72 -11.78 -11.84 -11.85 -11.89 -11.94 -12.00 -12.09 -12.06 -12.15 -12.21 -12.29 -12.32 -12.37 -12.42 -12.49 -12.52 -12.56 -12.58 -12.61
-11.03 -10.99 -11.01 -11.00 -10.98 -10.92 -10.90 -10.91 -10.82 -10.79 -10.77 -10.73 -10.64 -10.60 -10.58 -10.51 -10.49 -10.47 -10.48 -10.52 -10.50 -10.44 -10.52 -10.44 -10.49 -10.43 -10.51 -10.54 -10.52 -10.63 -10.59 -10.66 -10.66 -10.71 -10.77 -10.80 -10.83 -10.88 -10.92 -10.92 -11.00 -11.03 -11.06 -11.06 -11.01 -11.01 -11.08 -11.10 -11.09 -11.15 -11.14 -11.13 -11.20 -11.17 -11.24 -11.26 -11.26 -11.30 -11.29 -11.30 -11.32 -11.36 -11.33 -11.28 -11.31 -11.35 -11.38 -11.38 -11.42 -11.39 -11.49 -11.41 -11.55 -11.55 -11.56 -11.64 -11.61 -11.69 -11.67 -11.75 -11.76 -11.84 -11.80 -11.87 -11.87 -11.97 -11.94 -12.09 -12.10 -12.14 -12.20 -12.26 -12.29 -12.35 -12.41 -12.43 -12.50 -12.55 -12.56 -12.61 -12.59
-11.07 -11.06 -11.04 -11.04 -11.06 -11.03 -10.98 -10.91 -10.94 -10.89 -10.81 -10.77 -10.71 -10.68 -10.61 -10.66 -10.67 -10.64 -10.62 -10.61 -10.57 -10.57 -10.63 -10.63 -10.63 -10.57 -10.64 -10.69 -10.65 -10.66 -10.69 -10.73 -10.74 -10.77 -10.77 -10.83 -10.87 -10.84 -10.91 -10.95 -10.99 -10.98 -11.02 -11.07 -11.11 -11.13 -11.17 -11.14 -11.15 -11.17 -11.16 -11.15 -11.14 -11.24 -11.24 -11.26 -11.31 -11.28 -11.32 -11.31 -11.32 -11.34 -11.38 -11.40 -11.36 -11.37 -11.38 -11.41 -11.47 -11.46 -11.48 -11.48 -11.54 -11.62 -11.62 -11.71 -11.73 -11.73 -11.81 -11.82 -11.89 -11.82 -11.91 -11.91 -11.97 -12.01 -12.07 -12.13 -12.18 -12.22 -12.25 -12.30 -12.37 -12.46 -12.47 -12.48 -12.50 -12.53 -12.54 -12.59 -12.57
-11.25 -11.09 -11.12 -11.07 -11.11 -11.06 -11.01 -11.01 -11.00 -10.88 -10.87 -10.81 -10.81 -10.77 -10.72 -10.68 -10.69 -10.66 -10.72 -10.69 -10.72 -10.69 -10.67 -10.69 -10.66 -10.70 -10.74 -10.72 -10.76 -10.70 -10.76 -10.80 -10.84 -10.82 -10.86 -10.87 -10.88 -10.87 -10.95 -10.95 -11.02 -11.03 -11.03 -11.07 -11.12 -11.19 -11.13 -11.27 -11.17 -11.21 -11.23 -11.24 -11.21 -11.24 -11.26 -11.27 -11.32 -11.36 -11.33 -11.36 -11.42 -11.37 -11.44 -11.43 -11.44 -11.43 -11.44 -11.48 -11.50 -11.53 -11.61 -11.62 -11.58 -11.75 -11.76 -11.70 -11.77 -11.75 -11.82 -11.82 -11.90 -11.92 -11.99 -12.06 -12.01 -12.09 -12.13 -12.18 -12.23 -12.18 -12.33 -12.38 -12.39 -12.46 -12.44 -12.50 -12.52 -12.52 -12.55 -12.52 -12.52
-11.17 -11.20 -11.13 -11.09 -11.07 -11.06 -11.00 -11.02 -11.00 -10.90 -10.88 -10.88 -10.80 -10.79 -10.78 -10.78 -10.77 -10.76 -10.77 -10.82 -10.79 -10.81 -10.79 -10.74 -10.77 -10.76 -10.78 -10.82 -10.80 -10.76 -10.83 -10.87 -10.89 -10.86 -10.94 -10.93 -10.95 -10.96 -10.97 -10.96 -11.04 -11.03 -11.12 -11.18 -11.20 -11.20 -11.16 -11.25 -11.25 -11.24 -11.25 -11.23 -11.29 -11.30 -11.27 -11.36 -11.39 -11.36 -11.34 -11.38 -11.38 -11.54 -11.44 -11.47 -11.47 -11.48 -11.52 -11.53 -11.60 -11.56 -11.62 -11.64 -11.71 -11.74 -11.78 -11.82 -11.82 -11.92 -11.89 -11.92 -11.97 -12.01 -12.05 -12.07 -12.10 -12.15 -12.17 -12.25 -12.26 -12.34 -12.35 -12.40 -12.43 -12.47 -12.49 -12.50 -12.51 -12.50 -12.49 -12.46 -12.50
-11.22 -11.19 -11.19 -11.12 -11.09 -11.01 -11.04 -10.96 -10.93 -10.95 -10.94 -10.87 -10.82 -10.85 -10.83 -10.81 -10.81 -10.88 -10.88 -10.85 -10.86 -10.85 -10.83 -10.84 -10.82 -10.80 -10.86 -10.91 -10.84 -10.87 -10.89 -10.97 -10.95 -10.94 -10.96 -10.99 -11.00 -11.09 -11.04 -11.10 -11.08 -11.15 -11.14 -11.22 -11.17 -11.25 -11.28 -11.29 -11.32 -11.29 -11.28 -11.25 -11.28 -11.34 -11.31 -11.38 -11.38 -11.40 -11.46 -11.40 -11.47 -11.48 -11.46 -11.54 -11.52 -11.53 -11.54 -11.59 -11.58 -11.65 -11.70 -11.77 -11.77 -11.69 -11.80 -11.95 -11.85 -11.97 -11.97 -11.92 -12.01 -12.02 -12.12 -12.07 -12.14 -12.19 -12.23 -12.30 -12.34 -12.34 -12.39 -12.43 -12.48 -12.52 -12.51 -12.47 -12.50 -12.48 -12.49 -12.52 -12.49
-11.17 -11.18 -11.17 -11.10 -11.08 -11.06 -10.98 -10.96 -10.97 -10.89 -10.90 -10.87 -10.84 -10.84 -10.82 -10.84 -10.86 -10.88 -10.88 -10.92 -10.94 -10.89 -10.94 -10.91 -10.91 -10.94 -10.91 -10.97 -10.97 -10.95 -10.96 -10.99 -10.98 -11.02 -11.09 -11.08 -11.06 -11.08 -11.15 -11.16 -11.15 -11.13 -11.19 -11.24 -11.25 -11.29 -11.36 -11.29 -11.30 -11.37 -11.35 -11.39 -11.34 -11.40 -11.42 -11.40 -11.40 -11.43 -11.46 -11.52 -11.53 -11.58 -11.59 -11.60 -11.54 -11.58 -11.59 -11.68 -11.65 -11.69 -11.80 -11.73 -11.86 -11.90 -11.92 -11.92 -11.97 -11.97 -12.05 -12.11 -12.11 -11.95 -12.12 -12.20 -12.21 -12.20 -12.29 -12.35 -12.35 -12.33 -12.39 -12.44 -12.50 -12.53 -12.59 -12.53 -12.61 -12.48 -12.51 -12.50 -12.50
-11.11 -11.07 -11.06 -11.04 -10.98 -10.97 -10.94 -10.97 -10.97 -10.87 -10.82 -10.81 -10.82 -10.87 -10.82 -10.78 -10.83 -10.86 -10.89 -10.93 -10.91 -10.92 -10.98 -11.00 -10.96 -11.04 -11.02 -10.98 -11.08 -11.08 -10.89 -11.01 -11.02 -11.11 -11.01 -11.10 -11.14 -11.17 -11.16 -11.24 -11.18 -11.25 -11.21 -11.25 -11.30 -11.38 -11.41 -11.40 -11.39 -11.38 -11.40 -11.35 -11.41 -11.43 -11.41 -11.45 -11.52 -11.48 -11.53 -11.56 -11.51 -11.58 -11.57 -11.56 -11.62 -11.66 -11.62 -11.65 -11.69 -11.76 -11.81 -11.83 -11.83 -11.95 -11.91 -12.05 -12.03 -12.06 -12.06 -12.09 -12.13 -12.17 -12.18 -12.21 -12.23 -12.21 -12.26 -12.37 -12.36 -12.41 -12.44 -12.45 -12.41 -12.57 -12.62 -12.52 -12.55 -12.50 -12.50 -12.48 -12.47
-11.12 -11.05 -10.99 -10.91 -10.95 -10.88 -10.85 -10.82 -10.78 -10.79 -10.82 -10.79 -10.82 -10.80 -10.83 -10.81 -10.82 -10.83 -10.85 -10.93 -10.95 -10.99 -11.02 -11.07 -11.06 -11.04 -11.04 -11.12 -11.09 -11.15 -11.07 -11.14 -11.14 -11.16 -11.16 -11.19 -11.14 -11.23 -11.28 -11.18 -11.27 -11.26 -11.31 -11.39 -11.37 -11.41 -11.40 -11.46 -11.44 -11.43 -11.44 -11.44 -11.50 -11.47 -11.49 -11.50 -11.49 -11.50 -11.56 -11.63 -11.56 -11.69 -11.59 -11.64 -11.64 -11.70 -11.76 -11.74 -11.78 -11.77 -11.87 -11.93 -11.94 -12.02 -12.05 -12.06 -12.09 -12.19 -12.14 -12.15 -12.18 -12.10 -12.21 -12.27 -12.28 -12.36 -12.38 -12.37 -12.42 -12.42 -12.43 -12.45 -12.53 -12.46 -12.48 -12.52 -12.37 -12.32 -12.40 -12.42 -12.44
-10.96 -11.05 -10.91 -10.86 -10.83 -10.81 -10.79 -10.77 -10.83 -10.84 -10.88 -10.84 -10.87 -10.83 -10.88 -10.85 -10.83 -10.87 -10.86 -10.90 -10.89 -10.97 -11.01 -11.07 -11.10 -11.08 -11.13 -11.19 -11.10 -11.14 -11.21 -11.21 -11.21 -11.20 -11.23 -11.18 -11.26 -11.29 -11.27 -11.36 -11.32 -11.31 -11.35 -11.39 -11.38 -11.46 -11.53 -11.43 -11.49 -11.51 -11.52 -11.44 -11.53 -11.52 -11.49 -11.54 -11.56 -11.62 -11.55 -11.60 -11.64 -11.62 -11.62 -11.68 -11.72 -11.75 -11.70 -11.74 -11.85 -11.88 -11.99 -11.97 -12.06 -12.07 -12.06 -12.18 -12.17 -12.19 -12.20 -12.22 -12.19 -12.21 -12.17 -12.20 -12.20 -12.36 -12.37 -12.38 -12.41 -12.39 -12.35 -12.46 -12.48 -12.27 -12.36 -12.33 -12.35 -12.28 -12.34 -12.43 -12.42
-11.03 -10.87 -10.77 -10.82 -10.80 -10.78 -10.83 -10.82 -10.86 -10.91 -10.89 -10.93 -10.96 -10.93 -10.96 -10.97 -10.90 -10.88 -10.92 -10.90 -10.86 -10.94 -11.02 -11.04 -11.10 -11.13 -11.18 -11.19 -11.19 -11.19 -11.28 -11.27 -11.30 -11.28 -11.34 -11.28 -11.35 -11.33 -11.37 -11.38 -11.44 -11.44 -11.41 -11.48 -11.48 -11.46 -11.46 -11.51 -11.57 -11.54 -11.47 -11.57 -11.58 -11.58 -11.58 -11.65 -11.61 -11.62 -11.62 -11.61 -11.68 -11.65 -11.71 -11.75 -11.78 -11.82 -11.81 -11.84 -11.89 -11.98 -11.99 -11.98 -12.06 -12.12 -12.12 -12.18 -12.22 -12.22 -12.30 -12.22 -12.18 -12.26 -12.24 -12.27 -12.31 -12.32 -12.37 -12.30 -12.34 -12.35 -12.28 -12.27 -12.23 -12.16 -12.25 -12.27 -12.26 -12.25 -12.32 -12.40 -12.40
-10.80 -10.81 -10.78 -10.76 -10.81 -10.94 -10.80 -10.86 -10.95 -10.95 -10.93 -10.99 -11.00 -11.01 -11.02 -10.97 -11.00 -11.01 -10.99 -10.94 -10.94 -11.01 -11.04 -11.02 -11.08 -11.07 -11.20 -11.23 -11.14 -11.23 -11.32 -11.28 -11.34 -11.36 -11.42 -11.32 -11.38 -11.39 -11.44 -11.49 -11.43 -11.50 -11.55 -11.50 -11.51 -11.53 -11.56 -11.51 -11.58 -11.57 -11.61 -11.61 -11.64 -11.60 -11.63 -11.60 -11.67 -11.63 -11.65 -11.71 -11.67 -11.75 -11.78 -11.72 -11.81 -11.86 -11.82 -11.90 -11.96 -11.97 -12.08 -12.05 -12.19 -12.18 -12.21 -12.29 -12.19 -12.32 -12.27 -12.28 -12.24 -12.21 -12.21 -12.24 -12.24 -12.26 -12.25 -12.30 -12.24 -12.21 -12.18 -12.30 -12.28 -12.23 -12.24 -12.27 -12.30 -12.28 -12.36 -12.39 -12.43
-10.77 -10.78 -10.79 -10.86 -10.84 -10.86 -10.88 -10.93 -10.97 -11.00 -10.99 -11.00 -11.00 -11.01 -11.06 -11.05 -11.06 -11.03 -11.02 -11.03 -11.07 -11.05 -11.05 -11.10 -11.05 -11.12 -11.21 -11.24 -11.30 -11.32 -11.37 -11.37 -11.40 -11.41 -11.42 -11.40 -11.45 -11.50 -11.47 -11.50 -11.53 -11.55 -11.57 -11.58 -11.57 -11.59 -11.64 -11.59 -11.62 -11.66 -11.61 -11.61 -11.66 -11.68 -11.62 -11.72 -11.67 -11.71 -11.71 -11.69 -11.74 -11.79 -11.78 -11.80 -11.80 -11.84 -11.89 -11.89 -12.02 -11.97 -12.17 -12.17 -12.22 -12.20 -12.27 -12.25 -12.33 -12.33 -12.28 -12.26 -12.22 -12.25 -12.23 -12.22 -12.25 -12.22 -12.12 -12.11 -12.13 -12.11 -12.25 -12.31 -12.39 -12.34 -12.30 -12.34 -12.37 -12.42 -12.47 -12.51 -12.52
-10.82 -10.86 -10.90 -10.89 -10.88 -10.89 -10.89 -10.88 -10.90 -10.89 -10.99 -10.94 -10.95 -10.98 -10.98 -11.04 -11.04 -11.07 -11.08 -11.09 -11.11 -11.15 -11.07 -11.06 -11.15 -11.15 -11.19 -11.22 -11.30 -11.34 -11.35 -11.34 -11.47 -11.47 -11.48 -11.51 -11.51 -11.54 -11.52 -11.55 -11.61 -11.53 -11.58 -11.63 -11.59 -11.58 -11.58 -11.55 -11.59 -11.64 -11.62 -11.66 -11.63 -11.69 -11.66 -11.72 -11.73 -11.70 -11.73 -11.72 -11.80 -11.77 -11.85 -11.88 -11.86 -11.94 -11.95 -11.99 -12.03 -12.08 -12.14 -12.21 -12.27 -12.27 -12.34 -12.33 -12.33 -12.26 -12.27 -12.28 -12.21 -12.17 -12.16 -12.22 -12.14 -12.08 -12.00 -12.06 -12.10 -12.12 -12.22 -12.31 -12.23 -12.43 -12.48 -12.44 -12.52 -12.51 -12.54 -12.65 -12.62
-10.85 -10.91 -10.85 -10.88 -10.92 -10.94 -10.93 -10.89 -10.92 -11.00 -10.94 -10.94 -11.00 -11.00 -11.00 -11.07 -11.09 -11.08 -11.08 -11.15 -11.15 -11.20 -11.19 -11.16 -11.16 -11.23 -11.21 -11.26 -11.30 -11.32 -11.35 -11.42 -11.45 -11.54 -11.51 -11.50 -11.65 -11.60 -11.59 -11.61 -11.54 -11.62 -11.63 -11.60 -11.64 -11.63 -11.60 -11.62 -11.63 -11.59 -11.64 -11.64 -11.68 -11.68 -11.65 -11.71 -11.68 -11.72 -11.82 -11.75 -11.77 -11.79 -11.89 -11.86 -11.88 -11.93 -11.96 -12.04 -12.04 -12.12 -12.13 -12.31 -12.21 -12.29 -12.25 -12.32 -12.27 -12.21 -12.20 -12.10 -12.04 -12.08 -11.96 -11.99 -11.96 -12.01 -11.92 -12.03 -12.07 -12.14 -12.17 -12.31 -12.43 -12.43 -12.49 -12.50 -12.55 -12.61 -12.67 -12.70 -12.73
-10.96 -10.93 -10.96 -10.95 -10.95 -11.00 -10.97 -10.98 -10.96 -10.95 -11.02 -11.02 -11.06 -11.05 -11.09 -11.09 -11.14 -11.12 -11.15 -11.21 -11.23 -11.27 -11.25 -11.26 -11.24 -11.24 -11.40 -11.33 -11.31 -11.32 -11.36 -11.43 -11.48 -11.56 -11.56 -11.56 -11.59 -11.60 -11.62 -11.69 -11.63 -11.68 -11.65 -11.65 -11.58 -11.60 -11.59 -11.52 -11.55 -11.55 -11.60 -11.60 -11.68 -11.63 -11.64 -11.60 -11.68 -11.71 -11.71 -11.76 -11.83 -11.75 -11.85 -11.85 -11.89 -11.91 -11.96 -11.99 -12.02 -12.09 -12.12 -12.17 -12.24 -12.21 -12.20 -12.21 -12.17 -12.18 -12.06 -12.00 -11.96 -11.82 -11.94 -11.92 -11.93 -11.94 -12.03 -12.03 -12.05 -12.19 -12.22 -12.35 -12.39 -12.49 -12.51 -12.58 -12.60 -12.70 -12.73 -12.85 -12.81
-11.01 -11.00 -11.01 -11.00 -11.03 -11.04 -11.05 -11.09 -11.05 -11.10 -11.02 -11.07 -11.09 -11.16 -11.07 -11.10 -11.19 -11.17 -11.23 -11.24 -11.29 -11.33 -11.36 -11.44 -11.28 -11.38 -11.36 -11.41 -11.40 -11.39 -11.45 -11.47 -11.50 -11.49 -11.58 -11.57 -11.62 -11.65 -11.60 -11.65 -11.66 -11.62 -11.57 -11.62 -11.54 -11.54 -11.50 -11.48 -11.54 -11.52 -11.52 -11.50 -11.53 -11.57 -11.59 -11.57 -11.55 -11.64 -11.61 -11.69 -11.72 -11.72 -11.81 -11.80 -11.81 -11.95 -11.92 -11.95 -12.04 -11.96 -12.05 -12.07 -12.09 -12.14 -12.14 -12.10 -12.04 -11.90 -11.92 -11.85 -11.81 -11.85 -11.85 -12.00 -11.96 -12.03 -12.09 -12.09 -12.23 -12.23 -12.25 -12.35 -12.47 -12.51 -12.53 -12.57 -12.64 -12.72 -12.79 -12.88 -12.87
-11.05 -11.05 -11.06 -11.11 -11.10 -11.11 -11.26 -11.11 -11.14 -11.12 -11.10 -11.12 -11.16 -11.16 -11.23 -11.18 -11.19 -11.27 -11.28 -11.31 -11.35 -11.40 -11.41 -11.46 -11.45 -11.48 -11.48 -11.47 -11.44 -11.43 -11.45 -11.44 -11.51 -11.57 -11.57 -11.62 -11.63 -11.66 -11.61 -11.61 -11.60 -11.54 -11.49 -11.54 -11.43 -11.46 -11.42 -11.37 -11.35 -11.38 -11.42 -11.30 -11.42 -11.40 -11.36 -11.48 -11.45 -11.46 -11.46 -11.64 -11.57 -11.64 -11.70 -11.67 -11.84 -11.80 -11.78 -11.93 -11.84 -11.93 -12.01 -11.83 -11.91 -12.02 -11.99 -11.97 -11.78 -11.82 -11.71 -11.73 -11.75 -11.86 -11.90 -11.95 -12.07 -12.11 -12.18 -12.16 -12.27 -12.39 -12.38 -12.40 -12.49 -12.50 -12.62 -12.63 -12.65 -12.63 -12.77 -12.87 -12.86
-11.08 -11.05 -11.13 -11.14 -11.15 -11.15 -11.24 -11.18 -11.21 -11.19 -11.17 -11.22 -11.18 -11.23 -11.23 -11.23 -11.23 -11.25 -11.36 -11.35 -11.43 -11.38 -11.49 -11.48 -11.56 -11.55 -11.50 -11.50 -11.47 -11.46 -11.46 -11.51 -11.49 -11.54 -11.56 -11.56 -11.55 -11.60 -11.51 -11.50 -11.49 -11.36 -11.43 -11.39 -11.37 -11.35 -11.34 -11.17 -11.27 -11.29 -11.27 -11.18 -11.24 -11.20 -11.20 -11.33 -11.35 -11.27 -11.34 -11.39 -11.41 -11.50 -11.49 -11.53 -11.66 -11.61 -11.72 -11.66 -11.79 -11.67 -11.90 -11.82 -11.88 -11.77 -11.77 -11.76 -11.74 -11.65 -11.68 -11.66 -11.75 -11.82 -11.92 -11.97 -12.09 -12.11 -12.15 -12.27 -12.30 -12.36 -12.40 -12.55 -12.57 -12.58 -12.60 -12.70 -12.68 -12.76 -12.78 -12.85 -12.85
-11.15 -11.15 -11.17 -11.15 -11.16 -11.16 -11.23 -11.25 -11.23 -11.22 -11.23 -11.24 -11.22 -11.23 -11.28 -11.27 -11.35 -11.34 -11.39 -11.38 -11.41 -11.48 -11.50 -11.58 -11.54 -11.58 -11.55 -11.54 -11.48 -11.54 -11.43 -11.44 -11.37 -11.57 -11.42 -11.45 -11.44 -11.45 -11.33 -11.30 -11.40 -11.24 -11.25 -11.21 -11.24 -11.19 -11.16 -11.13 -11.19 -11.14 -10.99 -11.10 -11.15 -11.09 -11.03 -11.10 -11.24 -11.17 -11.17 -11.21 -11.28 -11.35 -11.41 -11.35 -11.44 -11.49 -11.41 -11.56 -11.55 -11.66 -11.55 -11.55 -11.52 -11.65 -11.61 -11.64 -11.54 -11.59 -11.59 -11.64 -11.80 -11.86 -11.88 -11.99 -12.05 -12.16 -12.18 -12.25 -12.38 -12.32 -12.42 -12.53 -12.48 -12.59 -12.65 -12.69 -12.78 -12.80 -12.87 -12.84 -12.83
-11.20 -11.21 -11.15 -11.20 -11.19 -11.26 -11.31 -11.24 -11.29 -11.29 -11.29 -11.27 -11.31 -11.23 -11.28 -11.34 -11.30 -11.29 -11.37 -11.39 -11.42 -11.45 -11.55 -11.56 -11.52 -11.46 -11.45 -11.43 -11.45 -11.36 -11.34 -11.32 -11.19 -11.32 -11.35 -11.30 -11.22 -11.32 -11.29 -11.23 -11.14 -11.13 -11.13 -11.11 -11.06 -11.04 -11.05 -11.05 -11.06 -11.06 -11.07 -11.08 -11.06 -10.96 -11.11 -11.15 -11.18 -11.04 -11.16 -11.10 -11.01 -11.21 -11.22 -11.24 -11.30 -11.28 -11.36 -11.49 -11.45 -11.38 -11.45 -11.55 -11.52 -11.48 -11.53 -11.50 -11.55 -11.57 -11.63 -11.82 -11.80 -11.92 -11.93 -11.99 -12.05 -12.09 -12.13 -12.17 -12.29 -12.28 -12.34 -12.47 -12.50 -12.60 -12.70 -12.69 -12.68 -12.77 -12.85 -12.81 -12.80
-11.22 -11.25 -11.21 -11.26 -11.27 -11.31 -11.26 -11.34 -11.31 -11.33 -11.29 -11.34 -11.31 -11.30 -11.32 -11.36 -11.30 -11.35 -11.35 -11.35 -11.32 -11.30 -11.41 -11.37 -11.34 -11.41 -11.32 -11.36 -11.30 -11.20 -11.24 -11.17 -11.17 -11.10 -11.08 -11.03 -11.03 -11.12 -11.03 -10.94 -11.04 -11.04 -11.14 -11.04 -11.08 -11.11 -11.12 -11.10 -11.15 -11.15 -11.16 -11.20 -11.25 -11.20 -11.17 -11.23 -11.06 -11.14 -11.17 -11.11 -11.13 -11.07 -10.99 -11.05 -11.20 -11.16 -11.22 -11.22 -11.23 -11.38 -11.41 -11.35 -11.40 -11.42 -11.44 -11.47 -11.58 -11.71 -11.79 -11.88 -11.89 -11.91 -11.93 -11.97 -12.00 -12.05 -12.13 -12.20 -12.22 -12.28 -12.37 -12.39 -12.47 -12.54 -12.63 -12.62 -12.69 -12.71 -12.72 -12.75 -12.78
-11.33 -11.28 -11.26 -11.29 -11.32 -11.34 -11.38 -11.38 -11.35 -11.35 -11.33 -11.37 -11.37 -11.34 -11.36 -11.35 -11.37 -11.44 -11.36 -11.37 -11.24 -11.23 -11.25 -11.21 -11.24 -11.25 -11.12 -11.23 -11.11 -11.11 -11.11 -11.06 -10.98 -11.02 -11.00 -10.96 -10.94 -10.98 -11.01 -11.03 -10.91 -10.98 -11.11 -11.15 -11.12 -11.16 -11.17 -11.26 -11.29 -11.32 -11.29 -11.29 -11.24 -11.29 -11.31 -11.29 -11.31 -11.22 -11.26 -11.21 -11.22 -11.22 -11.15 -11.06 -11.20 -11.08 -11.16 -11.23 -11.23 -11.27 -11.34 -11.33 -11.37 -11.38 -11.53 -11.67 -11.76 -11.80 -11.85 -11.85 -11.90 -11.93 -11.96 -12.04 -12.06 -12.06 -12.14 -12.15 -12.29 -12.29 -12.40 -12.44 -12.52 -12.58 -12.54 -12.61 -12.71 -12.69 -12.79 -12.78 -12.76
-11.36 -11.33 -11.32 -11.16 -11.35 -11.37 -11.38 -11.36 -11.39 -11.51 -11.40 -11.40 -11.39 -11.38 -11.40 -11.38 -11.40 -11.39 -11.37 -11.39 -11.32 -11.25 -11.23 -11.20 -11.13 -11.11 -11.15 -11.05 -11.15 -11.11 -11.01 -11.07 -11.08 -11.02 -11.03 -11.10 -11.02 -11.16 -11.12 -11.06 -11.13 -11.23 -11.18 -11.21 -11.17 -11.25 -11.34 -11.23 -11.29 -11.34 -11.35 -11.38 -11.37 -11.35 -11.34 -11.36 -11.42 -11.26 -11.28 -11.34 -11.34 -11.34 -11.33 -11.30 -11.39 -11.29 -11.31 -11.36 -11.41 -11.36 -11.28 -11.45 -11.43 -11.57 -11.61 -11.68 -11.76 -11.81 -11.83 -11.90 -11.92 -11.91 -12.00 -12.13 -12.06 -12.15 -12.21 -12.22 -12.29 -12.38 -12.40 -12.47 -12.54 -12.51 -12.53 -12.60 -12.61 -12.66 -12.69 -12.74 -12.75
-11.40 -11.34 -11.36 -11.33 -11.37 -11.39 -11.39 -11.38 -11.41 -11.41 -11.45 -11.50 -11.42 -11.42 -11.40 -11.34 -11.38 -11.33 -11.34 -11.35 -11.35 -11.33 -11.34 -11.27 -11.28 -11.21 -11.17 -11.16 -11.14 -11.11 -11.12 -11.13 -10.87 -11.13 -11.15 -11.24 -11.21 -11.22 -11.25 -11.25 -11.28 -11.25 -11.30 -11.31 -11.34 -11.38 -11.34 -11.34 -11.38 -11.43 -11.41 -11.40 -11.36 -11.35 -11.36 -11.31 -11.30 -11.36 -11.32 -11.43 -11.36 -11.36 -11.40 -11.44 -11.37 -11.45 -11.41 -11.45 -11.44 -11.48 -11.43 -11.59 -11.61 -11.75 -11.62 -11.75 -11.74 -11.79 -11.83 -11.86 -11.93 -11.97 -12.04 -12.09 -12.22 -12.26 -12.31 -12.32 -12.36 -12.37 -12.39 -12.44 -12.44 -12.48 -12.52 -12.56 -12.61 -12.65 -12.68 -12.72 -12.72
-11.42 -11.37 -11.39 -11.38 -11.41 -11.40 -11.42 -11.41 -11.43 -11.42 -11.43 -11.40 -11.43 -11.43 -11.38 -11.38 -11.35 -11.34 -11.35 -11.34 -11.37 -11.37 -11.35 -11.35 -11.33 -11.27 -11.21 -11.19 -11.17 -11.11 -11.18 -11.20 -11.19 -11.21 -11.26 -11.30 -11.24 -11.27 -11.36 -11.39 -11.30 -11.39 -11.41 -11.43 -11.32 -11.36 -11.40 -11.42 -11.40 -11.43 -11.36 -11.43 -11.30 -11.32 -11.36 -11.29 -11.30 -11.31 -11.41 -11.35 -11.40 -11.44 -11.42 -11.45 -11.50 -11.45 -11.47 -11.54 -11.51 -11.54 -11.60 -11.63 -11.67 -11.66 -11.73 -11.72 -11.81 -11.85 -11.83 -11.94 -11.91 -12.01 -12.08 -12.23 -12.24 -12.23 -12.36 -12.37 -12.38 -12.40 -12.43 -12.45 -12.44 -12.50 -12.53 -12.53 -12.54 -12.59 -12.65 -12.69 -12.70
-11.41 -11.40 -11.44 -11.37 -11.43 -11.43 -11.43 -11.46 -11.44 -11.43 -11.43 -11.42 -11.45 -11.36 -11.33 -11.35 -11.35 -11.34 -11.34 -11.32 -11.35 -11.36 -11.36 -11.32 -11.27 -11.26 -11.28 -11.23 -11.25 -11.21 -11.24 -11.27 -11.22 -11.23 -11.27 -11.28 -11.36 -11.36 -11.39 -11.46 -11.46 -11.49 -11.47 -11.49 -11.41 -11.40 -11.46 -11.44 -11.38 -11.34 -11.29 -11.32 -11.35 -11.37 -11.38 -11.37 -11.41 -11.44 -11.32 -11.40 -11.45 -11.40 -11.55 -11.41 -11.55 -11.45 -11.61 -11.51 -11.56 -11.61 -11.67 -11.66 -11.75 -11.75 -11.80 -11.80 -11.81 -11.89 -11.95 -11.98 -12.04 -12.06 -12.20 -12.20 -12.31 -12.33 -12.37 -12.41 -12.42 -12.40 -12.48 -12.47 -12.46 -12.49 -12.52 -12.56 -12.59 -12.63 -12.66 -12.69 -12.70
-11.47 -11.45 -11.41 -11.40 -11.40 -11.43 -11.46 -11.43 -11.44 -11.41 -11.39 -11.40 -11.38 -11.37 -11.37 -11.31 -11.32 -11.34 -11.34 -11.29 -11.41 -11.35 -11.33 -11.25 -11.29 -11.24 -11.23 -11.24 -11.26 -11.27 -11.23 -11.25 -11.26 -11.30 -11.33 -11.37 -11.37 -11.45 -11.37 -11.49 -11.53 -11.55 -11.51 -11.41 -11.54 -11.43 -11.42 -11.36 -11.32 -11.33 -11.30 -11.34 -11.35 -11.39 -11.42 -11.38 -11.38 -11.50 -11.48 -11.52 -11.51 -11.47 -11.47 -11.51 -11.62 -11.63 -11.63 -11.69 -11.60 -11.64 -11.66 -11.73 -11.79 -11.85 -11.85 -11.95 -12.00 -12.07 -12.14 -12.07 -12.15 -12.22 -12.24 -12.25 -12.29 -12.32 -12.37 -12.39 -12.41 -12.45 -12.47 -12.53 -12.52 -12.59 -12.61 -12.56 -12.59 -12.67 -12.68 -12.71 -12.71
-11.44 -11.44 -11.49 -11.47 -11.47 -11.42 -11.42 -11.48 -11.40 -11.40 -11.41 -11.34 -11.33 -11.32 -11.31 -11.32 -11.37 -11.32 -11.34 -11.34 -11.28 -11.37 -11.27 -11.25 -11.26 -11.22 -11.23 -11.23 -11.24 -11.28 -11.28 -11.28 -11.32 -11.33 -11.35 -11.43 -11.50 -11.53 -11.54 -11.53 -11.61 -11.58 -11.56 -11.49 -11.41 -11.35 -11.38 -11.26 -11.32 -11.28 -11.32 -11.33 -11.37 -11.32 -11.32 -11.36 -11.39 -11.47 -11.51 -11.60 -11.62 -11.59 -11.59 -11.62 -11.67 -11.66 -11.65 -11.70 -11.78 -11.78 -11.72 -11.78 -11.83 -11.83 -11.96 -12.01 -12.01 -12.10 -12.06 -12.21 -12.17 -12.20 -12.24 -12.30 -12.29 -12.36 -12.38 -12.44 -12.47 -12.53 -12.54 -12.56 -12.57 -12.61 -12.61 -12.65 -12.64 -12.67 -12.73 -12.73 -12.73
-11.45 -11.43 -11.44 -11.43 -11.40 -11.37 -11.40 -11.40 -11.32 -11.42 -11.34 -11.32 -11.33 -11.32 -11.27 -11.27 -11.33 -11.31 -11.28 -11.28 -11.25 -11.21 -11.26 -11.23 -11.18 -11.26 -11.21 -11.25 -11.30 -11.31 -11.34 -11.28 -11.30 -11.35 -11.38 -11.45 -11.52 -11.55 -11.53 -11.61 -11.59 -11.59 -11.55 -11.38 -11.35 -11.30 -11.26 -11.28 -11.24 -11.34 -11.30 -11.32 -11.38 -11.39 -11.39 -11.41 -11.44 -11.51 -11.52 -11.55 -11.59 -11.59 -11.62 -11.65 -11.67 -11.68 -11.75 -11.76 -11.80 -11.80 -11.84 -11.93 -11.97 -11.92 -11.99 -12.07 -12.18 -12.12 -12.15 -12.27 -12.22 -12.24 -12.23 -12.29 -12.28 -12.37 -12.46 -12.48 -12.54 -12.52 -12.54 -12.55 -12.57 -12.64 -12.62 -12.66 -12.70 -12.71 -12.79 -12.76 -12.76
-11.36 -11.42 -11.37 -11.36 -11.41 -11.32 -11.38 -11.31 -11.28 -11.36 -11.29 -11.26 -11.32 -11.27 -11.23 -11.23 -11.22 -11.26 -11.25 -11.20 -11.16 -11.14 -11.20 -11.21 -11.23 -11.22 -11.25 -11.21 -11.28 -11.31 -11.36 -11.37 -11.40 -11.40 -11.47 -11.49 -11.49 -11.56 -11.61 -11.60 -11.58 -11.53 -11.45 -11.26 -11.25 -11.23 -11.26 -11.29 -11.24 -11.31 -11.35 -11.34 -11.38 -11.45 -11.49 -11.46 -11.50 -11.52 -11.61 -11.53 -11.61 -11.60 -11.69 -11.71 -11.71 -11.78 -11.79 -11.80 -11.89 -11.82 -11.97 -11.98 -11.89 -11.99 -12.00 -12.10 -12.15 -12.17 -12.18 -12.20 -12.16 -12.28 -12.30 -12.33 -12.35 -12.53 -12.53 -12.51 -12.56 -12.64 -12.58 -12.58 -12.60 -12.60 -12.63 -12.69 -12.69 -12.76 -12.79 -12.81 -12.79
-11.32 -11.38 -11.36 -11.34 -11.33 -11.26 -11.30 -11.28 -11.27 -11.23 -11.19 -11.22 -11.22 -11.20 -11.19 -11.20 -11.13 -11.20 -11.12 -11.12 -11.13 -11.13 -11.13 -11.15 -11.20 -11.24 -11.28 -11.29 -11.31 -11.37 -11.35 -11.36 -11.40 -11.42 -11.47 -11.51 -11.53 -11.54 -11.57 -11.57 -11.49 -11.43 -11.37 -11.28 -11.22 -11.24 -11.26 -11.26 -11.28 -11.32 -11.34 -11.33 -11.37 -11.42 -11.55 -11.47 -11.52 -11.52 -11.54 -11.58 -11.63 -11.66 -11.71 -11.78 -11.67 -11.87 -11.80 -11.85 -11.88 -11.90 -11.89 -11.97 -12.06 -12.10 -12.14 -12.12 -12.14 -12.22 -12.19 -12.24 -12.20 -12.29 -12.32 -12.38 -12.39 -12.49 -12.52 -12.52 -12.57 -12.56 -12.55 -12.56 -12.59 -12.63 -12.65 -12.70 -12.72 -12.78 -12.78 -12.80 -12.83
-11.36 -11.29 -11.34 -11.20 -11.25 -11.19 -11.18 -11.17 -11.21 -11.15 -11.13 -11.15 -11.07 -11.14 -11.07 -11.16 -11.08 -11.05 -11.04 -11.13 -11.06 -11.04 -11.10 -11.12 -11.13 -11.21 -11.20 -11.30 -11.30 -11.34 -11.36 -11.35 -11.34 -11.42 -11.50 -11.47 -11.48 -11.51 -11.51 -11.41 -11.37 -11.33 -11.24 -11.23 -11.24 -11.32 -11.30 -11.28 -11.27 -11.30 -11.32 -11.37 -11.39 -11.45 -11.45 -11.48 -11.54 -11.52 -11.53 -11.56 -11.63 -11.70 -11.74 -11.71 -11.89 -11.84 -11.94 -11.88 -11.93 -11.97 -11.97 -12.07 -12.03 -12.05 -12.14 -12.13 -12.15 -12.16 -12.23 -12.05 -12.33 -12.32 -12.37 -12.41 -12.47 -12.53 -12.55 -12.51 -12.57 -12.69 -12.56 -12.58 -12.62 -12.67 -12.69 -12.73 -12.75 -12.78 -12.85 -12.87 -12.85
-11.24 -11.21 -11.19 -11.16 -11.15 -11.11 -11.14 -11.04 -11.13 -10.96 -11.18 -11.04 -11.00 -11.03 -10.99 -10.98 -10.95 -10.92 -10.95 -10.97 -10.93 -10.92 -10.97 -11.01 -11.07 -11.19 -11.20 -11.25 -11.26 -11.26 -11.22 -11.32 -11.33 -11.42 -11.40 -11.37 -11.41 -11.38 -11.35 -11.24 -11.26 -11.24 -11.18 -11.19 -11.26 -11.24 -11.29 -11.31 -11.28 -11.33 -11.35 -11.41 -11.41 -11.48 -11.49 -11.49 -11.48 -11.57 -11.62 -11.63 -11.65 -11.75 -11.80 -11.81 -11.88 -11.91 -11.92 -11.92 -11.99 -12.01 -12.11 -12.10 -12.02 -12.14 -12.06 -12.15 -12.17 -12.23 -12.25 -12.35 -12.37 -12.41 -12.42 -12.55 -12.51 -12.53 -12.57 -12.54 -12.58 -12.62 -12.66 -12.61 -12.68 -12.66 -12.73 -12.74 -12.77 -12.79 -12.83 -12.89 -12.89
-11.14 -11.06 -11.17 -11.03 -11.07 -11.04 -11.03 -11.00 -10.91 -10.86 -10.93 -10.88 -10.98 -10.86 -10.81 -10.81 -10.87 -10.89 -10.79 -10.92 -10.94 -10.95 -10.96 -10.97 -10.98 -11.02 -11.09 -10.95 -11.05 -11.24 -11.21 -11.17 -11.24 -11.24 -11.27 -11.22 -11.25 -11.20 -11.20 -11.13 -11.11 -11.13 -11.15 -11.20 -11.19 -11.25 -11.32 -11.29 -11.39 -11.34 -11.41 -11.42 -11.43 -11.42 -11.46 -11.58 -11.61 -11.65 -11.68 -11.72 -11.74 -11.73 -11.82 -11.91 -11.93 -11.95 -11.97 -11.97 -12.02 -12.10 -12.05 -12.10 -12.10 -12.17 -12.20 -12.21 -12.19 -12.29 -12.32 -12.43 -12.42 -12.49 -12.52 -12.50 -12.48 -12.48 -12.59 -12.62 -12.61 -12.58 -12.60 -12.69 -12.73 -12.73 -12.75 -12.79 -12.86 -12.85 -12.92 -12.90 -12.93
-11.03 -10.97 -10.95 -10.85 -10.95 -10.78 -10.87 -10.89 -10.80 -10.81 -10.83 -10.91 -10.93 -10.93 -10.92 -10.95 -11.00 -10.95 -10.95 -10.91 -11.00 -10.99 -11.00 -11.00 -10.94 -10.91 -10.97 -10.92 -10.98 -11.00 -11.04 -11.02 -11.10 -11.10 -11.10 -11.04 -11.11 -11.06 -11.11 -11.09 -11.14 -11.18 -11.24 -11.22 -11.27 -11.27 -11.38 -11.44 -11.37 -11.43 -11.46 -11.43 -11.46 -11.56 -11.55 -11.55 -11.62 -11.63 -11.73 -11.79 -11.81 -11.91 -11.87 -11.91 -11.98 -11.95 -12.05 -12.02 -12.11 -12.12 -12.16 -12.16 -12.22 -12.15 -12.22 -12.31 -12.37 -12.45 -12.43 -12.45 -12.48 -12.49 -12.31 -12.52 -12.49 -12.50 -12.56 -12.57 -12.57 -12.61 -12.69 -12.70 -12.69 -12.78 -12.72 -12.84 -12.89 -12.93 -12.87 -13.01 -12.99
-10.92 -10.86 -10.76 -10.74 -10.80 -10.78 -10.86 -10.88 -10.89 -10.89 -10.92 -10.98 -10.96 -10.98 -10.99 -11.04 -11.04 -11.09 -11.08 -11.11 -11.09 -11.09 -11.18 -11.10 -11.09 -11.03 -10.98 -11.01 -10.81 -10.95 -10.96 -10.96 -10.95 -10.95 -10.92 -11.04 -10.97 -10.98 -11.00 -11.10 -11.16 -11.23 -11.26 -11.27 -11.31 -11.35 -11.37 -11.41 -11.39 -11.40 -11.49 -11.47 -11.55 -11.57 -11.57 -11.68 -11.68 -11.75 -11.79 -11.81 -11.88 -11.87 -11.95 -12.04 -12.02 -12.06 -12.09 -12.09 -12.08 -12.15 -12.13 -12.21 -12.26 -12.28 -12.28 -12.28 -12.39 -12.45 -12.48 -12.45 -12.52 -12.54 -12.50 -12.55 -12.49 -12.55 -12.56 -12.67 -12.63 -12.64 -12.68 -12.75 -12.73 -12.79 -12.83 -12.88 -12.97 -12.90 -13.04 -13.04 -13.07
-10.75 -10.80 -10.74 -10.79 -10.83 -10.85 -10.93 -10.96 -10.96 -10.95 -11.00 -11.03 -11.05 -11.01 -11.09 -11.09 -11.11 -11.09 -11.18 -11.15 -11.22 -11.22 -11.16 -11.24 -11.16 -11.18 -11.08 -11.08 -11.02 -11.04 -10.99 -10.92 -11.00 -10.96 -10.96 -10.93 -11.05 -11.09 -11.15 -11.15 -11.22 -11.25 -11.29 -11.30 -11.35 -11.36 -11.40 -11.43 -11.49 -11.51 -11.52 -11.53 -11.57 -11.68 -11.63 -11.60 -11.81 -11.72 -11.77 -11.91 -11.87 -12.01 -11.99 -12.12 -12.07 -12.09 -12.13 -12.13 -12.20 -12.19 -12.18 -12.20 -12.26 -12.36 -12.32 -12.33 -12.45 -12.46 -12.46 -12.49 -12.48 -12.50 -12.56 -12.49 -12.58 -12.56 -12.60 -12.60 -12.65 -12.66 -12.71 -12.78 -12.81 -12.80 -12.87 -12.94 -12.92 -13.00 -13.06 -13.15 -13.11
-10.82 -10.86 -10.88 -10.92 -10.92 -10.93 -10.96 -10.97 -10.98 -11.00 -11.10 -11.09 -11.07 -11.15 -11.10 -11.18 -11.16 -11.17 -11.19 -11.19 -11.21 -11.18 -11.20 -11.27 -11.27 -11.22 -11.26 -11.18 -11.14 -11.12 -11.11 -11.14 -11.03 -11.08 -11.14 -11.07 -11.18 -11.15 -11.21 -11.25 -11.22 -11.29 -11.32 -11.35 -11.38 -11.41 -11.42 -11.47 -11.44 -11.53 -11.55 -11.67 -11.63 -11.72 -11.66 -11.73 -11.81 -11.79 -11.89 -11.95 -11.91 -11.96 -12.04 -12.15 -12.09 -12.18 -12.15 -12.21 -12.26 -12.22 -12.27 -12.33 -12.25 -12.36 -12.40 -12.41 -12.44 -12.43 -12.48 -12.49 -12.52 -12.55 -12.49 -12.56 -12.56 -12.58 -12.61 -12.68 -12.73 -12.71 -12.78 -12.80 -12.85 -12.89 -12.92 -12.98 -13.04 -13.08 -13.20 -13.13 -13.15
-10.99 -10.99 -10.98 -11.01 -11.02 -11.05 -11.00 -11.02 -11.01 -11.09 -11.06 -11.08 -11.15 -11.17 -11.14 -11.22 -11.19 -11.21 -11.23 -11.26 -11.31 -11.26 -11.24 -11.18 -11.28 -11.27 -11.25 -11.24 -11.13 -11.11 -11.14 -11.15 -11.14 -11.18 -11.17 -11.22 -11.21 -11.22 -11.23 -11.26 -11.28 -11.29 -11.33 -11.39 -11.38 -11.42 -11.46 -11.55 -11.60 -11.57 -11.63 -11.57 -11.69 -11.66 -11.73 -11.80 -11.79 -11.84 -11.89 -11.98 -12.01 -12.04 -12.13 -12.11 -12.15 -12.16 -12.23 -12.32 -12.25 -12.27 -12.26 -12.34 -12.34 -12.35 -12.39 -12.37 -12.47 -12.49 -12.47 -12.49 -12.57 -12.56 -12.56 -12.64 -12.64 -12.62 -12.85 -12.72 -12.75 -12.86 -12.81 -12.84 -12.95 -12.95 -12.97 -13.02 -13.08 -13.13 -13.14 -13.17 -13.18
-11.05 -11.01 -11.09 -11.06 -11.12 -11.09 -11.10 -11.07 -11.08 -11.09 -11.08 -11.16 -11.21 -11.19 -11.23 -11.19 -11.28 -11.30 -11.23 -11.27 -11.27 -11.25 -11.30 -11.26 -11.26 -11.23 -11.18 -11.19 -11.16 -11.19 -11.20 -11.18 -11.14 -11.26 -11.15 -11.24 -11.26 -11.25 -11.30 -11.28 -11.33 -11.35 -11.35 -11.40 -11.46 -11.47 -11.50 -11.54 -11.60 -11.60 -11.64 -11.67 -11.70 -11.75 -11.83 -11.81 -11.82 -11.91 -11.92 -11.98 -12.04 -12.04 -12.15 -12.13 -12.13 -12.22 -12.25 -12.24 -12.30 -12.30 -12.39 -12.36 -12.38 -12.40 -12.39 -12.53 -12.52 -12.53 -12.57 -12.59 -12.64 -12.64 -12.66 -12.69 -12.72 -12.73 -12.78 -12.78 -12.85 -12.91 -12.90 -12.96 -12.97 -13.05 -13.04 -13.10 -13.17 -13.18 -13.21 -13.24 -13.24
-11.13 -11.13 -11.13 -11.16 -11.14 -11.16 -11.15 -11.19 -11.10 -11.15 -11.11 -11.18 -11.23 -11.23 -11.24 -11.25 -11.26 -11.25 -11.29 -11.27 -11.27 -11.30 -11.28 -11.29 -11.22 -11.19 -11.18 -11.15 -11.13 -11.19 -11.17 -11.23 -11.24 -11.23 -11.27 -11.25 -11.28 -11.31 -11.31 -11.30 -11.37 -11.34 -11.42 -11.49 -11.44 -11.56 -11.56 -11.58 -11.60 -11.66 -11.69 -11.71 -11.79 -11.83 -11.82 -11.86 -11.87 -11.95 -12.00 -12.05 -12.11 -12.15 -12.21 -12.23 -12.38 -12.32 -12.32 -12.34 -12.36 -12.43 -12.44 -12.38 -12.39 -12.44 -12.51 -12.49 -12.50 -12.56 -12.65 -12.70 -12.62 -12.71 -12.69 -12.70 -12.75 -12.67 -12.77 -12.86 -12.96 -12.98 -13.00 -13.00 -13.04 -13.11 -13.12 -13.19 -13.20 -13.26 -13.26 -13.30 -13.29
-11.17 -11.20 -11.16 -11.18 -11.17 -11.21 -11.19 -11.21 -11.18 -11.19 -11.20 -11.21 -11.24 -11.19 -11.22 -11.27 -11.25 -11.29 -11.21 -11.29 -11.27 -11.23 -11.27 -11.22 -11.14 -11.14 -11.16 -11.11 -11.12 -11.21 -11.19 -11.23 -11.33 -11.24 -11.31 -11.15 -11.32 -11.35 -11.38 -11.37 -11.41 -11.48 -11.47 -11.50 -11.54 -11.58 -11.57 -11.76 -11.71 -11.70 -11.72 -11.76 -11.80 -11.81 -11.88 -11.91 -11.91 -12.00 -12.04 -12.05 -12.15 -12.19 -12.23 -12.33 -12.30 -12.33 -12.37 -12.39 -12.38 -12.46 -12.42 -12.42 -12.43 -12.47 -12.38 -12.50 -12.57 -12.49 -12.47 -12.61 -12.71 -12.67 -12.70 -12.74 -12.73 -12.82 -12.90 -12.92 -12.98 -13.03 -13.06 -13.11 -13.07 -13.18 -13.19 -13.24 -13.22 -13.28 -13.29 -13.33 -13.31
-11.22 -11.23 -11.21 -11.21 -11.22 -11.22 -11.26 -11.24 -11.26 -11.24 -11.25 -11.26 -11.23 -11.25 -11.29 -11.28 -11.28 -11.30 -11.25 -11.27 -11.25 -11.24 -11.19 -11.07 -11.22 -11.14 -11.12 -11.13 -11.10 -11.20 -11.26 -11.28 -11.29 -11.33 -11.27 -11.33 -11.37 -11.38 -11.46 -11.37 -11.49 -11.52 -11.48 -11.59 -11.60 -11.60 -11.68 -11.69 -11.77 -11.74 -11.78 -11.84 -11.88 -11.87 -11.94 -11.95 -11.99 -12.04 -12.09 -12.13 -12.24 -12.25 -12.26 -12.32 -12.32 -12.50 -12.41 -12.38 -12.40 -12.38 -12.41 -12.41 -12.45 -12.35 -12.52 -12.49 -12.35 -12.48 -12.47 -12.52 -12.49 -12.46 -12.59 -12.62 -12.73 -12.84 -12.91 -12.95 -13.00 -13.09 -13.11 -13.14 -13.18 -13.19 -13.18 -13.25 -13.29 -13.28 -13.30 -13.31 -13.31
-11.28 -11.25 -11.22 -11.27 -11.26 -11.33 -11.29 -11.29 -11.28 -11.27 -11.25 -11.28 -11.25 -11.24 -11.32 -11.28 -11.28 -11.25 -11.26 -11.24 -11.15 -11.16 -11.14 -11.08 -11.10 -11.12 -11.16 -11.23 -11.22 -11.26 -11.28 -11.27 -11.30 -11.33 -11.37 -11.35 -11.42 -11.47 -11.45 -11.51 -11.48 -11.53 -11.58 -11.59 -11.67 -11.66 -11.71 -11.73 -11.77 -11.82 -11.90 -11.85 -11.86 -11.91 -11.98 -12.00 -12.04 -12.12 -12.14 -12.16 -12.26 -12.32 -12.34 -12.35 -12.35 -12.37 -12.39 -12.42 -12.38 -12.38 -12.25 -12.37 -12.38 -12.33 -12.36 -12.32 -12.43 -12.37 -12.42 -12.38 -12.47 -12.58 -12.56 -12.57 -12.70 -12.70 -12.79 -12.96 -12.94 -13.03 -13.11 -13.14 -13.13 -13.18 -13.23 -13.23 -13.22 -13.15 -13.29 -13.27 -13.22
-11.30 -11.23 -11.24 -11.33 -11.29 -11.31 -11.29 -11.29 -11.26 -11.28 -11.24 -11.24 -11.22 -11.26 -11.28 -11.29 -11.24 -11.24 -11.16 -11.17 -11.11 -11.09 -11.10 -11.08 -11.14 -11.21 -11.19 -11.15 -11.13 -11.23 -11.27 -11.30 -11.31 -11.33 -11.35 -11.44 -11.40 -11.43 -11.55 -11.64 -11.55 -11.57 -11.67 -11.67 -11.71 -11.78 -11.79 -11.81 -11.85 -11.91 -11.90 -11.88 -12.00 -11.96 -12.04 -12.08 -12.04 -12.16 -12.21 -12.21 -12.29 -12.33 -12.37 -12.40 -12.41 -12.39 -12.37 -12.40 -12.36 -12.30 -12.29 -12.34 -12.31 -12.30 -12.38 -12.38 -12.34 -12.36 -12.41 -12.43 -12.40 -12.51 -12.55 -12.57 -12.63 -12.66 -12.64 -12.72 -12.79 -12.96 -12.94 -12.97 -13.00 -13.14 -13.04 -13.02 -13.09 -12.97 -13.01 -13.07 -13.10
-11.29 -11.27 -11.24 -11.30 -11.28 -11.32 -11.27 -11.26 -11.27 -11.23 -11.23 -11.22 -11.22 -11.21 -11.23 -11.19 -11.16 -11.14 -11.11 -11.04 -11.04 -11.06 -11.03 -11.05 -11.07 -11.14 -11.07 -11.21 -11.27 -11.22 -11.12 -11.33 -11.33 -11.37 -11.39 -11.42 -11.44 -11.50 -11.55 -11.63 -11.57 -11.70 -11.86 -11.73 -11.80 -11.82 -11.79 -11.89 -11.87 -11.96 -11.97 -11.96 -11.98 -12.01 -12.07 -12.13 -12.19 -12.18 -12.27 -12.37 -12.31 -12.31 -12.39 -12.41 -12.36 -12.40 -12.37 -12.36 -12.33 -12.27 -12.23 -12.27 -12.29 -12.29 -12.30 -12.37 -12.35 -12.38 -12.38 -12.46 -12.50 -12.48 -12.49 -12.49 -12.55 -12.58 -12.52 -12.67 -12.62 -12.74 -12.65 -12.76 -12.79 -12.86 -12.93 -12.88 -12.95 -12.89 -12.93 -12.95 -13.01
-11.30 -11.28 -11.27 -11.27 -11.23 -11.39 -11.28 -11.25 -11.22 -11.21 -11.19 -11.13 -11.14 -11.17 -11.14 -11.10 -11.06 -11.05 -11.02 -10.95 -11.00 -11.03 -11.03 -11.04 -11.05 -11.08 -11.16 -11.15 -11.14 -11.21 -11.29 -11.29 -11.30 -11.46 -11.51 -11.42 -11.54 -11.60 -11.53 -11.61 -11.68 -11.78 -11.77 -11.78 -11.85 -11.88 -11.91 -11.95 -11.96 -12.04 -11.96 -12.07 -12.04 -12.13 -12.15 -12.22 -12.25 -12.30 -12.27 -12.36 -12.39 -12.37 -12.38 -12.40 -12.42 -12.31 -12.31 -12.32 -12.26 -12.20 -12.19 -12.27 -12.29 -12.27 -12.28 -12.32 -12.26 -12.35 -12.40 -12.36 -12.42 -12.49 -12.50 -12.47 -12.55 -12.51 -12.59 -12.64 -12.66 -12.66 -12.69 -12.79 -12.71 -12.77 -12.83 -12.90 -12.96 -13.00 -13.07 -13.02 -12.99
-11.23 -11.23 -11.27 -11.19 -11.22 -11.22 -11.19 -11.18 -11.17 -11.12 -11.05 -11.08 -11.09 -11.04 -11.03 -10.94 -10.99 -10.94 -10.82 -10.84 -10.97 -10.95 -10.95 -10.98 -10.98 -11.04 -11.12 -11.12 -11.16 -11.18 -11.27 -11.19 -11.38 -11.46 -11.47 -11.50 -11.56 -11.59 -11.66 -11.67 -11.73 -11.75 -11.80 -11.83 -11.89 -11.95 -11.94 -11.97 -12.10 -12.03 -12.18 -12.09 -12.13 -12.18 -12.19 -12.16 -12.22 -12.28 -12.31 -12.38 -12.38 -12.28 -12.44 -12.39 -12.33 -12.34 -12.25 -12.23 -12.12 -12.09 -12.15 -12.11 -12.17 -12.15 -12.18 -12.27 -12.32 -12.32 -12.37 -12.37 -12.51 -12.44 -12.56 -12.58 -12.62 -12.61 -12.71 -12.71 -12.76 -12.77 -12.74 -12.70 -12.78 -12.84 -12.84 -12.92 -12.98 -12.96 -12.94 -12.99 -12.97
-11.21 -11.20 -11.19 -11.15 -11.19 -11.20 -11.11 -11.12 -11.06 -10.94 -11.03 -11.03 -10.93 -10.94 -10.91 -10.83 -10.83 -10.86 -10.76 -10.78 -10.87 -10.89 -10.89 -10.88 -10.93 -10.99 -11.10 -11.08 -11.07 -11.13 -11.13 -11.34 -11.32 -11.39 -11.44 -11.53 -11.60 -11.66 -11.63 -11.74 -11.76 -11.83 -11.83 -11.90 -11.97 -12.04 -11.94 -12.05 -12.12 -12.05 -12.15 -12.24 -12.20 -12.12 -12.20 -12.21 -12.26 -12.30 -12.32 -12.37 -12.40 -12.39 -12.37 -12.33 -12.32 -12.28 -12.12 -12.07 -11.99 -11.91 -11.94 -12.04 -12.05 -12.06 -12.11 -12.18 -12.28 -12.33 -12.37 -12.38 -12.44 -12.51 -12.51 -12.63 -12.62 -12.66 -12.71 -12.69 -12.69 -12.71 -12.81 -12.70 -12.73 -12.82 -12.83 -12.80 -12.93 -12.86 -12.92 -12.89 -12.95
-11.15 -11.15 -11.09 -11.11 -11.04 -10.98 -11.02 -10.95 -11.15 -11.01 -10.87 -10.75 -10.80 -10.99 -10.76 -10.81 -10.83 -10.75 -10.80 -10.79 -10.88 -10.86 -10.87 -10.89 -10.88 -10.92 -10.92 -10.95 -10.98 -11.07 -11.18 -11.22 -11.32 -11.34 -11.41 -11.49 -11.59 -11.63 -11.65 -11.71 -11.80 -11.87 -11.87 -11.90 -11.97 -12.02 -12.02 -12.11 -12.11 -12.13 -12.16 -12.19 -12.15 -12.24 -12.25 -12.26 -12.33 -12.32 -12.31 -12.37 -12.38 -12.37 -12.40 -12.29 -12.24 -12.11 -12.03 -11.96 -11.92 -11.92 -11.91 -11.98 -11.98 -12.00 -12.13 -12.23 -12.29 -12.33 -12.42 -12.44 -12.46 -12.52 -12.56 -12.58 -12.60 -12.71 -12.61 -12.65 -12.68 -12.60 -12.61 -12.69 -12.68 -12.67 -12.71 -12.82 -12.86 -12.88 -12.87 -12.95 -12.94
-11.09 -11.01 -11.01 -10.94 -10.91 -10.95 -10.96 -10.92 -10.74 -10.71 -10.69 -10.70 -10.68 -10.71 -10.72 -10.78 -10.83 -10.96 -10.91 -11.00 -10.96 -11.00 -11.02 -10.99 -10.94 -10.95 -10.96 -10.97 -11.00 -11.01 -11.08 -11.19 -11.23 -11.27 -11.36 -11.48 -11.46 -11.53 -11.67 -11.72 -11.77 -11.85 -11.93 -11.96 -12.04 -12.00 -12.04 -12.09 -12.10 -12.17 -12.16 -12.17 -12.14 -12.21 -12.28 -12.22 -12.27 -12.29 -12.33 -12.34 -12.28 -12.26 -12.36 -12.12 -12.11 -11.91 -11.87 -11.81 -11.84 -11.91 -11.87 -12.00 -12.09 -12.08 -12.18 -12.22 -12.36 -12.34 -12.39 -12.44 -12.48 -12.48 -12.55 -12.58 -12.60 -12.53 -12.61 -12.67 -12.61 -12.61 -12.72 -12.61 -12.75 -12.74 -12.78 -12.79 -12.90 -12.81 -12.92 -12.97 -12.96
-10.91 -10.84 -10.84 -10.81 -10.69 -10.76 -10.77 -10.69 -10.76 -10.73 -10.75 -10.79 -10.78 -10.81 -10.85 -10.89 -10.94 -10.94 -11.04 -11.10 -11.12 -11.12 -11.10 -11.18 -11.16 -11.15 -11.13 -11.08 -11.09 -11.13 -11.21 -11.20 -11.24 -11.24 -11.31 -11.32 -11.36 -11.44 -11.49 -11.60 -11.72 -11.88 -11.86 -11.99 -12.02 -12.04 -12.08 -11.98 -12.11 -12.14 -12.13 -12.13 -12.16 -12.20 -12.14 -12.16 -12.23 -12.22 -12.30 -12.15 -12.16 -12.06 -12.13 -11.99 -11.95 -11.79 -11.79 -11.81 -11.85 -11.94 -11.96 -12.10 -12.09 -12.16 -12.19 -12.24 -12.28 -12.31 -12.37 -12.40 -12.44 -12.45 -12.51 -12.56 -12.60 -12.63 -12.60 -12.64 -12.64 -12.63 -12.72 -12.77 -12.80 -12.72 -12.80 -12.84 -12.80 -12.95 -12.94 -12.96 -12.97
-10.72 -10.70 -10.73 -10.67 -10.73 -10.69 -10.76 -10.82 -10.81 -10.85 -10.85 -10.91 -10.86 -11.00 -11.02 -11.00 -11.10 -11.16 -11.16 -11.19 -11.22 -11.26 -11.22 -11.19 -11.18 -11.16 -11.18 -11.22 -11.24 -11.25 -11.19 -11.27 -11.28 -11.34 -11.31 -11.39 -11.34 -11.43 -11.50 -11.56 -11.65 -11.83 -11.94 -11.97 -11.96 -12.07 -12.05 -12.07 -12.05 -12.10 -12.08 -12.15 -12.07 -12.10 -12.09 -12.06 -12.20 -12.13 -12.05 -12.16 -12.03 -11.99 -11.86 -11.76 -11.74 -11.65 -11.84 -11.88 -11.97 -12.01 -12.11 -12.12 -12.18 -12.22 -12.20 -12.31 -12.31 -12.36 -12.37 -12.45 -12.47 -12.48 -12.55 -12.56 -12.64 -12.67 -12.66 -12.70 -12.71 -12.77 -12.82 -12.81 -12.83 -12.84 -12.88 -12.90 -12.88 -12.87 -12.94 -12.99 -12.95
-10.74 -10.84 -10.78 -10.80 -10.85 -10.82 -10.88 -10.89 -10.90 -10.92 -10.96 -10.98 -11.05 -11.08 -11.06 -11.15 -11.24 -11.26 -11.20 -11.24 -11.26 -11.23 -11.30 -11.26 -11.29 -11.26 -11.19 -11.26 -11.33 -11.31 -11.32 -11.33 -11.27 -11.35 -11.44 -11.50 -11.55 -11.50 -11.50 -11.52 -11.60 -11.78 -11.94 -11.93 -11.94 -11.94 -11.98 -12.07 -12.03 -12.07 -12.05 -12.05 -11.98 -11.97 -11.96 -12.01 -11.98 -12.01 -11.87 -12.03 -11.87 -11.78 -11.78 -11.68 -11.79 -11.85 -11.93 -11.98 -12.05 -12.11 -12.14 -12.21 -12.21 -12.19 -12.25 -12.27 -12.34 -12.34 -12.41 -12.46 -12.49 -12.53 -12.53 -12.59 -12.64 -12.63 -12.69 -12.69 -12.73 -12.71 -12.84 -12.78 -12.73 -12.67 -12.88 -12.87 -12.87 -12.90 -12.93 -12.90 -12.94
-10.90 -10.85 -10.87 -10.92 -10.91 -10.92 -10.92 -10.96 -11.06 -11.00 -11.01 -11.06 -11.11 -11.15 -11.20 -11.28 -11.24 -11.31 -11.33 -11.35 -11.35 -11.31 -11.33 -11.36 -11.36 -11.33 -11.31 -11.32 -11.30 -11.35 -11.33 -11.38 -11.37 -11.41 -11.46 -11.54 -11.54 -11.55 -11.50 -11.53 -11.54 -11.60 -11.73 -11.83 -11.81 -11.86 -11.94 -11.90 -11.88 -11.92 -11.92 -11.88 -11.83 -11.94 -11.82 -11.89 -11.85 -11.83 -11.83 -11.79 -11.65 -11.61 -11.65 -11.70 -11.75 -11.86 -11.96 -12.01 -12.04 -12.12 -12.18 -12.21 -12.24 -12.27 -12.32 -12.36 -12.34 -12.43 -12.44 -12.48 -12.53 -12.55 -12.58 -12.61 -12.65 -12.65 -12.73 -12.71 -12.75 -12.76 -12.72 -12.76 -12.73 -12.71 -12.73 -12.81 -12.78 -12.82 -12.86 -12.95 -12.92
-10.88 -10.90 -10.91 -10.96 -10.97 -10.96 -10.98 -11.01 -11.03 -11.10 -11.08 -11.13 -11.17 -11.21 -11.23 -11.31 -11.34 -11.40 -11.39 -11.43 -11.42 -11.41 -11.38 -11.38 -11.37 -11.33 -11.30 -11.29 -11.37 -11.40 -11.35 -11.38 -11.42 -11.39 -11.46 -11.48 -11.59 -11.52 -11.54 -11.53 -11.55 -11.51 -11.69 -11.71 -11.63 -11.73 -11.83 -11.72 -11.71 -11.77 -11.72 -11.76 -11.73 -11.76 -11.65 -11.77 -11.72 -11.64 -11.62 -11.60 -11.45 -11.52 -11.57 -11.67 -11.80 -11.92 -11.93 -12.03 -11.92 -12.12 -12.16 -12.19 -12.28 -12.31 -12.36 -12.43 -12.43 -12.46 -12.50 -12.55 -12.61 -12.59 -12.66 -12.62 -12.69 -12.70 -12.73 -12.74 -12.79 -12.81 -12.81 -12.80 -12.83 -12.80 -12.86 -12.88 -12.83 -12.89 -12.91 -12.92 -12.96
-10.95 -10.92 -10.91 -11.02 -10.99 -11.00 -11.04 -11.02 -11.08 -11.08 -11.13 -11.20 -11.24 -11.27 -11.34 -11.37 -11.40 -11.44 -11.50 -11.49 -11.50 -11.44 -11.38 -11.35 -11.33 -11.32 -11.32 -11.28 -11.32 -11.33 -11.37 -11.33 -11.33 -11.37 -11.41 -11.41 -11.45 -11.43 -11.41 -11.46 -11.41 -11.44 -11.47 -11.48 -11.52 -11.52 -11.58 -11.65 -11.61 -11.60 -11.62 -11.56 -11.53 -11.63 -11.55 -11.56 -11.56 -11.43 -11.44 -11.49 -11.48 -11.48 -11.55 -11.50 -11.72 -11.85 -11.94 -11.97 -12.04 -12.09 -12.15 -12.26 -12.39 -12.41 -12.44 -12.54 -12.55 -12.53 -12.65 -12.59 -12.61 -12.64 -12.64 -12.69 -12.74 -12.71 -12.77 -12.79 -12.85 -12.85 -12.83 -12.79 -12.88 -12.88 -12.86 -12.89 -12.91 -12.93 -12.93 -13.00 -12.98
-10.94 -10.96 -10.96 -10.98 -11.05 -11.04 -11.06 -11.05 -11.10 -11.13 -11.16 -11.20 -11.28 -11.33 -11.42 -11.41 -11.46 -11.51 -11.53 -11.50 -11.54 -11.48 -11.41 -11.33 -11.30 -11.28 -11.29 -11.22 -11.28 -11.26 -11.25 -11.30 -11.24 -11.28 -11.28 -11.14 -11.30 -11.34 -11.32 -11.33 -11.29 -11.29 -11.35 -11.40 -11.35 -11.39 -11.41 -11.48 -11.38 -11.43 -11.46 -11.47 -11.40 -11.45 -11.33 -11.34 -11.38 -11.42 -11.37 -11.44 -11.49 -11.56 -11.66 -11.75 -11.80 -11.85 -11.91 -12.01 -12.12 -12.22 -12.17 -12.34 -12.40 -12.53 -12.61 -12.63 -12.62 -12.65 -12.64 -12.70 -12.67 -12.71 -12.72 -12.74 -12.74 -12.70 -12.72 -12.75 -12.80 -12.79 -12.79 -12.80 -12.86 -12.92 -12.92 -12.94 -13.02 -12.98 -12.99 -13.00 -13.00
-10.98 -11.00 -10.96 -11.00 -11.07 -11.09 -11.09 -11.04 -11.14 -11.20 -11.23 -11.22 -11.33 -11.35 -11.45 -11.51 -11.55 -11.53 -11.59 -11.49 -11.50 -11.46 -11.44 -11.33 -11.28 -11.32 -11.22 -11.16 -11.14 -11.14 -11.09 -11.09 -11.10 -11.18 -11.19 -11.18 -11.19 -11.18 -11.12 -11.14 -11.18 -11.19 -11.17 -11.24 -11.17 -11.17 -11.25 -11.23 -11.29 -11.25 -11.25 -11.21 -11.25 -11.23 -11.27 -11.28 -11.28 -11.33 -11.34 -11.34 -11.51 -11.66 -11.77 -11.81 -11.89 -12.02 -11.99 -12.16 -12.25 -12.27 -12.38 -12.50 -12.53 -12.61 -12.64 -12.66 -12.69 -12.71 -12.67 -12.74 -12.75 -12.74 -12.67 -12.79 -12.67 -12.72 -12.82 -12.66 -12.75 -12.77 -12.77 -12.81 -12.86 -12.94 -12.94 -12.94 -13.01 -12.99 -13.00 -12.98 -13.04
-10.83 -10.92 -10.99 -10.99 -11.07 -11.04 -11.13 -11.13 -11.14 -11.21 -11.27 -11.25 -11.33 -11.42 -11.48 -11.54 -11.55 -11.58 -11.58 -11.51 -11.50 -11.44 -11.32 -11.30 -11.25 -11.18 -11.12 -11.10 -11.04 -10.98 -11.07 -10.97 -11.02 -10.95 -10.95 -11.01 -11.00 -11.02 -11.04 -11.02 -11.02 -10.97 -11.00 -11.01 -11.10 -11.11 -11.01 -11.12 -11.04 -10.99 -11.21 -11.18 -11.14 -11.13 -11.23 -11.23 -11.38 -11.24 -11.55 -11.70 -11.75 -11.89 -11.87 -11.92 -12.00 -12.08 -12.16 -12.25 -12.30 -12.39 -12.42 -12.53 -12.55 -12.62 -12.65 -12.68 -12.70 -12.72 -12.69 -12.66 -12.72 -12.67 -12.66 -12.66 -12.65 -12.70 -12.75 -12.81 -12.74 -12.83 -12.90 -12.91 -12.92 -13.01 -12.96 -12.99 -13.09 -13.06 -13.08 -13.15 -13.14
-10.89 -10.90 -10.96 -11.02 -11.05 -11.03 -11.12 -11.12 -11.14 -11.23 -11.25 -11.32 -11.41 -11.44 -11.44 -11.52 -11.60 -11.62 -11.60 -11.57 -11.48 -11.36 -11.27 -11.24 -11.13 -11.12 -11.06 -11.05 -11.02 -10.99 -10.96 -10.90 -10.76 -10.83 -10.89 -10.87 -10.83 -10.91 -10.78 -10.90 -10.85 -10.91 -10.88 -10.92 -10.89 -11.02 -11.00 -11.01 -11.10 -11.11 -11.17 -11.15 -11.20 -11.27 -11.32 -11.47 -11.59 -11.57 -11.61 -11.79 -11.90 -11.95 -12.07 -12.07 -12.14 -12.18 -12.27 -12.34 -12.29 -12.38 -12.43 -12.47 -12.51 -12.63 -12.56 -12.52 -12.67 -12.67 -12.57 -12.65 -12.50 -12.55 -12.55 -12.64 -12.64 -12.76 -12.71 -12.79 -12.86 -12.90 -12.89 -12.92 -12.88 -12.99 -13.00 -13.10 -13.10 -13.09 -13.15 -13.29 -13.22
-10.85 -10.93 -10.91 -10.99 -11.05 -11.06 -11.12 -11.11 -11.20 -11.23 -11.25 -11.36 -11.41 -11.50 -11.50 -11.59 -11.62 -11.62 -11.57 -11.51 -11.41 -11.27 -11.21 -11.12 -11.06 -11.00 -10.98 -10.98 -10.99 -10.98 -10.98 -10.98 -10.95 -10.96 -10.98 -10.91 -10.93 -10.93 -10.98 -11.01 -10.89 -11.06 -11.06 -11.04 -11.01 -11.01 -11.09 -11.20 -11.20 -11.17 -11.30 -11.26 -11.38 -11.56 -11.48 -11.57 -11.72 -11.77 -11.84 -11.91 -11.96 -12.02 -12.04 -12.15 -12.25 -12.24 -12.30 -12.30 -12.40 -12.40 -12.40 -12.41 -12.48 -12.49 -12.43 -12.53 -12.52 -12.38 -12.38 -12.40 -12.47 -12.48 -12.52 -12.50 -12.65 -12.75 -12.76 -12.85 -12.84 -12.91 -12.89 -12.94 -13.04 -13.00 -13.04 -13.08 -13.10 -13.17 -13.18 -13.23 -13.26
-10.84 -10.86 -10.88 -10.96 -11.02 -11.03 -11.09 -11.17 -11.15 -11.22 -11.25 -11.35 -11.42 -11.48 -11.51 -11.55 -11.57 -11.55 -11.52 -11.41 -11.31 -11.15 -11.01 -11.05 -11.06 -11.05 -10.95 -11.06 -11.09 -10.99 -11.08 -11.04 -11.02 -11.05 -11.03 -11.03 -11.11 -11.06 -11.05 -11.10 -11.09 -11.11 -11.15 -11.17 -11.21 -11.10 -11.28 -11.26 -11.29 -11.42 -11.43 -11.47 -11.53 -11.54 -11.65 -11.67 -11.78 -11.84 -11.91 -12.00 -11.94 -12.12 -12.14 -12.22 -12.26 -12.32 -12.31 -12.37 -12.41 -12.44 -12.44 -12.41 -12.42 -12.42 -12.33 -12.39 -12.35 -12.42 -12.39 -12.37 -12.48 -12.42 -12.51 -12.56 -12.56 -12.64 -12.73 -12.85 -12.87 -12.87 -12.91 -12.90 -12.98 -13.04 -13.08 -13.15 -13.18 -13.16 -13.21 -13.26 -13.28
-10.74 -10.78 -10.90 -10.93 -10.94 -10.98 -11.09 -11.12 -11.14 -11.18 -11.26 -11.32 -11.39 -11.45 -11.44 -11.52 -11.52 -11.47 -11.35 -11.33 -11.14 -11.11 -11.06 -11.08 -11.13 -11.08 -11.15 -11.15 -11.11 -11.13 -11.15 -11.11 -11.08 -11.06 -11.01 -11.11 -11.14 -11.12 -11.20 -11.21 -11.13 -11.22 -11.22 -11.27 -11.27 -11.22 -11.37 -11.39 -11.44 -11.46 -11.49 -11.57 -11.62 -11.65 -11.72 -11.80 -11.86 -11.93 -11.94 -12.05 -12.10 -12.14 -12.16 -12.22 -12.29 -12.32 -12.37 -12.42 -12.28 -12.42 -12.41 -12.38 -12.43 -12.39 -12.38 -12.40 -12.44 -12.38 -12.45 -12.50 -12.51 -12.55 -12.63 -12.61 -12.62 -12.64 -12.76 -12.79 -12.79 -12.88 -12.95 -13.11 -13.03 -13.12 -13.09 -13.20 -13.22 -13.25 -13.25 -13.34 -13.31
-10.65 -10.70 -10.80 -10.81 -10.85 -10.97 -10.98 -11.02 -11.10 -11.18 -11.21 -11.23 -11.33 -11.39 -11.40 -11.42 -11.41 -11.34 -11.27 -11.11 -11.02 -11.07 -11.09 -11.15 -11.17 -11.18 -11.13 -11.21 -11.22 -11.19 -11.19 -11.15 -11.14 -11.17 -11.12 -11.16 -11.14 -11.21 -11.21 -11.19 -11.26 -11.27 -11.37 -11.28 -11.37 -11.37 -11.35 -11.46 -11.50 -11.53 -11.60 -11.70 -11.70 -11.73 -11.86 -11.92 -11.91 -11.98 -11.98 -12.09 -12.14 -12.18 -12.24 -12.26 -12.26 -12.30 -12.29 -12.28 -12.29 -12.30 -12.32 -12.35 -12.41 -12.34 -12.42 -12.48 -12.53 -12.50 -12.48 -12.55 -12.57 -12.57 -12.57 -12.61 -12.63 -12.67 -12.71 -12.70 -12.79 -12.91 -12.93 -13.00 -13.10 -13.14 -13.22 -13.24 -13.31 -13.31 -13.33 -13.33 -13.35
-10.71 -10.72 -10.75 -10.79 -10.85 -10.87 -10.85 -10.96 -11.08 -11.09 -11.13 -11.11 -11.28 -11.26 -11.33 -11.28 -11.26 -11.13 -11.03 -10.97 -11.05 -11.08 -11.17 -11.18 -11.22 -11.20 -11.20 -11.22 -11.27 -11.31 -11.24 -11.23 -11.24 -11.24 -11.21 -11.24 -11.23 -11.24 -11.23 -11.28 -11.32 -11.31 -11.38 -11.38 -11.55 -11.55 -11.52 -11.67 -11.53 -11.64 -11.77 -11.66 -11.74 -11.82 -11.88 -11.96 -12.02 -12.02 -12.12 -12.16 -12.18 -12.21 -12.24 -12.26 -12.27 -12.27 -12.29 -12.25 -12.27 -12.28 -12.26 -12.38 -12.33 -12.34 -12.37 -12.43 -12.44 -12.49 -12.49 -12.50 -12.56 -12.55 -12.61 -12.63 -12.66 -12.72 -12.72 -12.67 -12.84 -12.92 -13.01 -13.07 -13.09 -13.18 -13.22 -13.25 -13.26 -13.34 -13.39 -13.37 -13.38
-10.95 -10.84 -10.80 -10.74 -10.73 -10.77 -10.87 -10.82 -10.91 -10.95 -11.04 -11.02 -11.17 -11.05 -11.12 -11.15 -11.10 -10.96 -10.97 -10.97 -11.00 -11.01 -11.13 -11.08 -11.16 -11.19 -11.17 -11.29 -11.32 -11.26 -11.26 -11.25 -11.27 -11.33 -11.30 -11.28 -11.29 -11.29 -11.36 -11.34 -11.35 -11.47 -11.40 -11.50 -11.47 -11.49 -11.64 -11.65 -11.65 -11.69 -11.73 -11.79 -11.82 -11.90 -11.97 -12.04 -12.05 -12.11 -12.17 -12.22 -12.21 -12.26 -12.26 -12.26 -12.27 -12.22 -12.23 -12.16 -12.18 -12.20 -12.33 -12.23 -12.24 -12.36 -12.31 -12.38 -12.44 -12.49 -12.54 -12.57 -12.59 -12.67 -12.61 -12.66 -12.72 -12.79 -12.82 -12.79 -12.91 -12.94 -13.00 -13.10 -13.12 -13.20 -13.25 -13.31 -13.34 -13.35 -13.38 -13.42 -13.44
-10.99 -10.94 -10.93 -10.85 -10.88 -10.87 -10.76 -10.75 -10.79 -10.83 -10.88 -10.94 -10.93 -10.96 -10.97 -10.92 -10.88 -10.84 -10.90 -10.93 -10.89 -10.93 -11.00 -11.02 -11.06 -11.03 -11.16 -11.18 -11.21 -11.29 -11.25 -11.27 -11.26 -11.33 -11.32 -11.36 -11.39 -11.35 -11.39 -11.38 -11.50 -11.44 -11.47 -11.54 -11.52 -11.58 -11.83 -11.67 -11.73 -11.86 -11.89 -11.88 -11.93 -11.99 -12.01 -12.09 -12.14 -12.20 -12.21 -12.23 -12.24 -12.23 -12.26 -12.27 -12.25 -12.26 -12.25 -12.24 -12.19 -12.29 -12.25 -12.24 -12.27 -12.29 -12.35 -12.38 -12.45 -12.51 -12.62 -12.65 -12.69 -12.66 -12.67 -12.75 -12.75 -12.79 -12.96 -12.93 -12.94 -12.97 -13.04 -13.12 -13.19 -13.11 -13.23 -13.34 -13.40 -13.38 -13.47 -13.44 -13.52
-11.02 -11.06 -11.06 -11.00 -11.00 -10.91 -11.00 -10.81 -10.81 -10.72 -10.76 -10.73 -10.76 -10.77 -10.82 -10.74 -10.81 -10.82 -10.81 -10.96 -10.91 -11.00 -11.03 -11.05 -10.99 -11.11 -11.05 -11.07 -11.09 -11.21 -11.21 -11.21 -11.28 -11.35 -11.39 -11.44 -11.43 -11.49 -11.53 -11.53 -11.51 -11.58 -11.58 -11.57 -11.63 -11.64 -11.71 -11.68 -11.73 -11.86 -11.87 -11.93 -12.07 -12.06 -12.15 -12.15 -12.22 -12.25 -12.24 -12.22 -12.32 -12.23 -12.27 -12.31 -12.29 -12.32 -12.35 -12.28 -12.28 -12.30 -12.31 -12.32 -12.30 -12.33 -12.40 -12.37 -12.39 -12.54 -12.63 -12.66 -12.70 -12.73 -12.82 -12.79 -12.81 -12.86 -12.92 -12.96 -13.00 -13.00 -13.14 -13.18 -13.15 -13.29 -13.33 -13.32 -13.43 -13.42 -13.50 -13.55 -13.52
-11.18 -11.13 -11.14 -11.14 -11.12 -11.08 -11.10 -11.01 -10.90 -10.88 -10.87 -10.77 -10.77 -10.77 -10.78 -10.83 -10.77 -10.88 -10.98 -11.03 -11.07 -11.01 -11.01 -11.06 -11.10 -11.09 -11.04 -11.07 -11.09 -11.17 -11.21 -11.25 -11.30 -11.44 -11.40 -11.44 -11.49 -11.48 -11.53 -11.56 -11.56 -11.65 -11.62 -11.68 -11.68 -11.75 -11.78 -11.85 -11.83 -11.91 -12.05 -12.11 -12.03 -12.11 -12.18 -12.26 -12.24 -12.20 -12.24 -12.34 -12.27 -12.33 -12.39 -12.27 -12.31 -12.37 -12.42 -12.43 -12.40 -12.45 -12.38 -12.42 -12.37 -12.39 -12.47 -12.41 -12.50 -12.53 -12.57 -12.58 -12.73 -12.84 -12.90 -12.90 -12.94 -12.91 -12.96 -13.06 -13.13 -13.12 -13.17 -13.17 -13.22 -13.29 -13.34 -13.44 -13.45 -13.64 -13.54 -13.58 -13.57
-11.20 -11.25 -11.19 -11.17 -11.15 -11.14 -11.16 -11.06 -11.01 -10.97 -10.98 -10.94 -10.88 -10.86 -10.91 -11.02 -11.01 -11.03 -11.01 -11.16 -11.10 -11.11 -11.10 -11.16 -11.17 -11.15 -11.19 -11.25 -11.20 -11.26 -11.29 -11.31 -11.40 -11.37 -11.43 -11.49 -11.50 -11.55 -11.55 -11.61 -11.62 -11.66 -11.71 -11.74 -11.79 -11.81 -11.90 -11.86 -11.95 -12.04 -12.06 -12.00 -12.16 -12.22 -12.19 -12.30 -12.32 -12.34 -12.32 -12.26 -12.34 -12.41 -12.30 -12.42 -12.43 -12.38 -12.42 -12.42 -12.41 -12.48 -12.51 -12.50 -12.45 -12.46 -12.54 -12.54 -12.68 -12.59 -12.65 -12.71 -12.68 -12.81 -12.85 -12.98 -12.97 -12.95 -13.01 -13.09 -13.16 -13.14 -13.19 -13.26 -13.33 -13.35 -13.40 -13.50 -13.50 -13.52 -13.58 -13.57 -13.60
-11.26 -11.31 -11.30 -11.32 -11.29 -11.25 -11.20 -11.10 -11.06 -11.07 -11.01 -11.01 -11.03 -10.99 -10.99 -11.05 -11.04 -11.08 -11.07 -11.05 -11.08 -11.13 -11.22 -11.24 -11.24 -11.31 -11.34 -11.27 -11.31 -11.32 -11.36 -11.41 -11.41 -11.46 -11.51 -11.53 -11.54 -11.60 -11.66 -11.67 -11.63 -11.71 -11.73 -11.76 -11.84 -11.82 -11.90 -11.96 -12.01 -12.06 -12.12 -12.17 -12.36 -12.20 -12.31 -12.41 -12.41 -12.41 -12.40 -12.43 -12.38 -12.39 -12.44 -12.38 -12.30 -12.38 -12.45 -12.45 -12.50 -12.50 -12.52 -12.52 -12.55 -12.59 -12.56 -12.66 -12.67 -12.66 -12.78 -12.75 -12.80 -12.84 -12.94 -12.95 -13.01 -13.06 -13.10 -13.14 -13.16 -13.25 -13.37 -13.28 -13.37 -13.38 -13.47 -13.49 -13.53 -13.57 -13.62 -13.65 -13.63
-11.30 -11.36 -11.39 -11.34 -11.39 -11.33 -11.24 -11.12 -11.10 -11.10 -11.05 -11.02 -11.05 -11.04 -11.01 -11.06 -11.07 -11.10 -11.07 -11.10 -11.08 -11.14 -11.11 -11.20 -11.16 -11.24 -11.19 -11.32 -11.40 -11.39 -11.40 -11.43 -11.48 -11.50 -11.53 -11.58 -11.61 -11.65 -11.73 -11.72 -11.76 -11.89 -11.81 -11.83 -11.87 -11.92 -11.99 -11.98 -12.08 -12.10 -12.17 -12.25 -12.23 -12.26 -12.34 -12.37 -12.45 -12.43 -12.41 -12.30 -12.36 -12.32 -12.28 -12.33 -12.35 -12.37 -12.34 -12.50 -12.45 -12.51 -12.58 -12.59 -12.61 -12.65 -12.64 -12.71 -12.74 -12.82 -12.78 -12.83 -12.88 -12.92 -12.94 -13.04 -12.99 -13.14 -13.13 -13.17 -13.26 -13.31 -13.39 -13.36 -13.41 -13.44 -13.58 -13.53 -13.58 -13.61 -13.65 -13.68 -13.68
-11.34 -11.32 -11.39 -11.38 -11.35 -11.36 -11.33 -11.21 -11.16 -11.13 -11.08 -11.09 -11.05 -11.04 -11.05 -11.03 -11.05 -11.02 -11.00 -11.02 -11.05 -11.11 -11.18 -11.15 -11.18 -11.25 -11.34 -11.28 -11.43 -11.48 -11.45 -11.54 -11.53 -11.56 -11.56 -11.63 -11.71 -11.69 -11.73 -11.77 -11.80 -11.82 -11.90 -11.89 -11.94 -11.98 -11.99 -12.04 -12.13 -12.18 -12.22 -12.27 -12.29 -12.35 -12.36 -12.34 -12.32 -12.31 -12.32 -12.24 -12.28 -12.24 -12.20 -12.23 -12.32 -12.29 -12.41 -12.33 -12.44 -12.53 -12.49 -12.54 -12.64 -12.67 -12.71 -12.75 -12.79 -12.80 -12.80 -12.85 -12.92 -12.98 -12.98 -13.07 -13.13 -13.22 -13.21 -13.25 -13.35 -13.38 -13.43 -13.49 -13.57 -13.55 -13.44 -13.59 -13.63 -13.71 -13.69 -13.71 -13.72
-11.31 -11.35 -11.45 -11.38 -11.39 -11.26 -11.20 -11.24 -11.18 -11.12 -11.18 -11.12 -11.21 -11.15 -11.09 -11.07 -11.12 -11.12 -11.09 -11.17 -11.17 -11.22 -11.27 -11.24 -11.30 -11.27 -11.36 -11.37 -11.45 -11.49 -11.53 -11.64 -11.58 -11.63 -11.65 -11.66 -11.69 -11.75 -11.79 -11.88 -11.87 -11.92 -11.94 -11.96 -12.04 -12.04 -12.09 -12.13 -12.16 -12.23 -12.25 -12.30 -12.33 -12.33 -12.26 -12.29 -12.18 -12.19 -12.14 -12.24 -12.28 -12.25 -12.20 -12.30 -12.30 -12.30 -12.44 -12.41 -12.46 -12.52 -12.55 -12.59 -12.67 -12.64 -12.67 -12.74 -12.79 -12.86 -12.87 -12.88 -12.91 -13.00 -13.05 -13.08 -13.19 -13.22 -13.28 -13.37 -13.38 -13.42 -13.49 -13.54 -13.54 -13.58 -13.62 -13.64 -13.65 -13.70 -13.67 -13.76 -13.70
-11.36 -11.46 -11.40 -11.45 -11.45 -11.39 -11.29 -11.35 -11.27 -11.22 -11.16 -11.19 -11.16 -11.19 -11.18 -11.13 -11.16 -11.19 -11.25 -11.24 -11.28 -11.25 -11.30 -11.37 -11.39 -11.41 -11.41 -11.37 -11.45 -11.57 -11.58 -11.59 -11.67 -11.74 -11.70 -11.72 -11.82 -11.81 -11.87 -11.87 -11.92 -11.94 -12.02 -12.05 -12.08 -12.12 -12.13 -12.21 -12.24 -12.26 -12.25 -12.22 -12.23 -12.24 -12.19 -12.17 -12.18 -12.04 -12.17 -12.24 -12.28 -12.29 -12.37 -12.36 -12.40 -12.34 -12.44 -12.45 -12.47 -12.52 -12.51 -12.59 -12.59 -12.68 -12.72 -12.78 -12.80 -12.88 -12.93 -12.98 -12.96 -12.92 -13.09 -13.17 -13.13 -13.27 -13.31 -13.38 -13.43 -13.49 -13.54 -13.52 -13.61 -13.59 -13.68 -13.64 -13.61 -13.66 -13.63 -13.62 -13.69
-11.41 -11.45 -11.32 -11.34 -11.38 -11.31 -11.34 -11.31 -11.21 -11.27 -11.20 -11.25 -11.13 -11.15 -11.23 -11.22 -11.28 -11.28 -11.32 -11.28 -11.37 -11.38 -11.37 -11.39 -11.50 -11.47 -11.47 -11.48 -11.46 -11.51 -11.66 -11.62 -11.70 -11.71 -11.75 -11.76 -11.82 -11.90 -11.88 -11.95 -12.01 -12.03 -12.08 -12.07 -12.12 -12.16 -12.20 -12.23 -12.22 -12.23 -12.22 -12.19 -12.15 -12.09 -12.13 -12.17 -12.16 -12.19 -12.21 -12.19 -12.20 -12.27 -12.32 -12.34 -12.31 -12.41 -12.44 -12.44 -12.46 -12.52 -12.55 -12.58 -12.65 -12.77 -12.76 -12.77 -12.83 -12.89 -13.00 -12.96 -13.05 -13.08 -13.11 -13.19 -13.26 -13.23 -13.33 -13.36 -13.46 -13.49 -13.51 -13.53 -13.52 -13.55 -13.57 -13.48 -13.65 -13.62 -13.60 -13.68 -13.62
-11.48 -11.40 -11.40 -11.40 -11.34 -11.34 -11.31 -11.33 -11.32 -11.29 -11.29 -11.32 -11.28 -11.24 -11.28 -11.25 -11.35 -11.33 -11.30 -11.35 -11.36 -11.40 -11.44 -11.44 -11.53 -11.54 -11.55 -11.62 -11.62 -11.59 -11.66 -11.68 -11.76 -11.75 -11.76 -11.83 -11.87 -11.95 -11.97 -11.97 -12.09 -12.04 -12.12 -12.10 -12.17 -12.22 -12.27 -12.27 -12.24 -12.21 -12.18 -12.13 -12.14 -12.10 -12.11 -12.13 -12.17 -12.18 -12.21 -12.24 -12.23 -12.29 -12.35 -12.40 -12.46 -12.48 -12.52 -12.54 -12.53 -12.60 -12.62 -12.69 -12.67 -12.71 -12.86 -12.94 -12.97 -12.91 -13.02 -13.05 -13.10 -13.05 -13.09 -13.06 -13.19 -13.18 -13.23 -13.30 -13.29 -13.34 -13.38 -13.35 -13.33 -13.43 -13.35 -13.39 -13.40 -13.38 -13.28 -13.57 -13.49
-11.52 -11.40 -11.35 -11.40 -11.38 -11.31 -11.28 -11.32 -11.31 -11.32 -11.32 -11.25 -11.26 -11.29 -11.32 -11.33 -11.31 -11.35 -11.36 -11.34 -11.38 -11.40 -11.49 -11.52 -11.58 -11.59 -11.63 -11.69 -11.76 -11.73 -11.72 -11.73 -11.82 -11.86 -11.87 -11.86 -11.90 -11.98 -12.01 -12.04 -12.08 -12.03 -12.09 -12.10 -12.16 -12.22 -12.18 -12.16 -12.13 -12.10 -12.10 -12.10 -12.06 -12.07 -12.08 -12.11 -12.15 -12.23 -12.19 -12.27 -12.32 -12.35 -12.37 -12.37 -12.44 -12.49 -12.52 -12.53 -12.57 -12.63 -12.64 -12.71 -12.77 -12.77 -12.84 -12.98 -12.94 -13.01 -13.03 -12.96 -12.97 -13.01 -12.99 -12.93 -13.01 -12.99 -13.08 -13.03 -13.11 -13.15 -13.12 -13.05 -13.12 -13.18 -13.13 -13.22 -13.13 -13.15 -13.24 -13.22 -13.40
-11.46 -11.43 -11.39 -11.38 -11.37 -11.32 -11.30 -11.30 -11.32 -11.32 -11.30 -11.28 -11.27 -11.29 -11.32 -11.32 -11.33 -11.34 -11.35 -11.36 -11.37 -11.42 -11.47 -11.53 -11.56 -11.60 -11.64 -11.69 -11.72 -11.74 -11.73 -11.76 -11.80 -11.85 -11.86 -11.88 -11.92 -11.97 -12.01 -12.04 -12.05 -12.06 -12.07 -12.12 -12.16 -12.18 -12.19 -12.16 -12.13 -12.11 -12.10 -12.09 -12.08 -12.07 -12.09 -12.11 -12.16 -12.19 -12.23 -12.26 -12.31 -12.35 -12.37 -12.40 -12.44 -12.49 -12.52 -12.54 -12.58 -12.61 -12.66 -12.71 -12.75 -12.79 -12.87 -12.92 -12.98 -12.99 -13.00 -12.99 -12.98 -12.99 -12.97 -12.98 -12.98 -13.03 -13.04 -13.08 -13.10 -13.13 -13.11 -13.10 -13.12 -13.14 -13.18 -13.16 -13.17 -13.17 -13.20 -13.23 -13.22
